Starlink_44.UTCGregorian   Starlink_44.EarthMJ2000Eq.X   Starlink_44.EarthMJ2000Eq.Y   Starlink_44.EarthMJ2000Eq.Z   
01 Jan 2024 11:59:28.000   -4183.994331855942            1848.412924737924             -5194.015988679585            
01 Jan 2024 12:00:28.000   -4471.491875844606            1522.459884815027             -5058.489517637638            
01 Jan 2024 12:01:57.255   -4863.101330044267            1025.84775503661              -4816.567678073107            
01 Jan 2024 12:03:30.632   -5223.023462586498            495.8910627563679             -4514.137848859291            
01 Jan 2024 12:05:04.463   -5529.671208723088            -41.85210866863342            -4162.565387084613            
01 Jan 2024 12:06:38.337   -5778.012953827441            -579.402050402683             -3766.710447466872            
01 Jan 2024 12:08:12.213   -5965.248817557463            -1110.83399488796             -3330.899878518917            
01 Jan 2024 12:09:46.094   -6089.37717556765             -1630.539248426885            -2859.726534434766            
01 Jan 2024 12:11:19.980   -6149.056464674802            -2133.01705716887             -2358.170194830161            
01 Jan 2024 12:12:53.869   -6143.628553655696            -2612.924748820592            -1831.560499956674            
01 Jan 2024 12:14:27.759   -6073.135955952627            -3065.163423231184            -1285.496463091052            
01 Jan 2024 12:16:01.655   -5938.307039821108            -3484.964469002632            -725.7406780539194            
01 Jan 2024 12:17:35.562   -5740.546884733296            -3867.88693543461             -158.2148754135387            
01 Jan 2024 12:19:09.483   -5481.921485842228            -4209.878652197628            411.0789968612929             
01 Jan 2024 12:20:43.421   -5165.143629034965            -4507.309721455741            976.1063462963194             
01 Jan 2024 12:22:17.380   -4793.536157169369            -4757.023149688444            1530.883385861317             
01 Jan 2024 12:23:51.365   -4370.996173640996            -4956.363038879336            2069.535427625364             
01 Jan 2024 12:25:25.373   -3901.994069972474            -5103.189829585214            2586.314569249461             
01 Jan 2024 12:26:59.394   -3391.554668396111            -5195.921610589536            3075.659388362837             
01 Jan 2024 12:28:33.401   -2845.244984644158            -5233.577894556225            3532.252296197293             
01 Jan 2024 12:30:07.382   -2268.965674852615            -5215.817695019558            3951.220005146072             
01 Jan 2024 12:31:41.333   -1668.873365752086            -5142.907924884612            4328.158452758432             
01 Jan 2024 12:33:15.253   -1051.34841978604             -5015.701162541321            4659.133335792973             
01 Jan 2024 12:34:49.140   -422.9518044481634            -4835.626200822153            4940.702837120128             
01 Jan 2024 12:36:22.992   209.6687278766594             -4604.665490094353            5169.964584164718             
01 Jan 2024 12:37:56.808   839.8497160125686             -4325.326985912502            5344.579169469982             
01 Jan 2024 12:39:30.591   1460.97497915574              -4000.614823950807            5462.786205476688             
01 Jan 2024 12:41:04.346   2066.566772658501             -3633.979139402041            5523.419015301091             
01 Jan 2024 12:42:38.076   2650.309446368004             -3229.297150635219            5525.902054365422             
01 Jan 2024 12:44:11.789   3206.14297107424              -2790.811378271966            5470.25467675472              
01 Jan 2024 12:45:45.491   3728.288736994284             -2323.106634956966            5357.085650441917             
01 Jan 2024 12:47:19.185   4211.292053141037             -1831.083570198565            5187.596586926595             
01 Jan 2024 12:48:52.871   4650.092201731443             -1319.906181907559            4963.577889120758             
01 Jan 2024 12:50:26.554   5040.114201683506             -794.9022256890634            4687.369777160919             
01 Jan 2024 12:52:00.244   5377.287017488385             -261.526015991148             4361.835414266843             
01 Jan 2024 12:53:33.946   5658.063249580006             274.66795219438               3990.34693815732              
01 Jan 2024 12:55:07.662   5879.450363560694             808.049352162878              3576.782449151656             
01 Jan 2024 12:56:41.396   6039.083628574898             1333.044627703211             3125.436578629029             
01 Jan 2024 12:58:15.154   6135.226602355916             1844.152009390128             2641.004227801703             
01 Jan 2024 12:59:48.943   6166.793874858904             2336.000811236584             2128.532899963358             
01 Jan 2024 13:01:22.765   6133.365854990853             2803.403951829237             1593.376355693309             
01 Jan 2024 13:02:56.624   6035.200182532952             3241.406899806625             1041.149584501857             
01 Jan 2024 13:04:30.518   5873.243093700263             3645.334614165909             477.6859077669925             
01 Jan 2024 13:06:04.450   5649.117603737885             4010.874925389379             -91.06327482297206            
01 Jan 2024 13:07:38.416   5365.120367656094             4334.101091735578             -659.0558214873165            
01 Jan 2024 13:09:12.413   5024.202748570627             4611.528454025047             -1220.235366167219            
01 Jan 2024 13:10:46.426   4629.985958404114             4840.138322646867             -1768.546262090804            
01 Jan 2024 13:12:20.445   4186.678528249617             5017.465612425968             -2298.09213919996             
01 Jan 2024 13:13:54.447   3699.08900031855              5141.605342310982             -2803.133741054012            
01 Jan 2024 13:15:28.425   3172.460591197856             5211.272993295624             -3278.28046569                
01 Jan 2024 13:17:02.380   2612.386961063145             5225.783145901287             -3718.531196408785            
01 Jan 2024 13:18:36.321   2024.776177242342             5185.026651870475             -4119.276968382796            
01 Jan 2024 13:20:10.243   1415.877491509583             5089.475803904347             -4476.286588111456            
01 Jan 2024 13:21:44.147   792.1354176313297             4940.181003790653             -4785.81381046312             
01 Jan 2024 13:23:18.041   160.1001768877906             4738.741341667412             -5044.633270713635            
01 Jan 2024 13:24:51.928   -473.5807695499256            4487.296150665886             -5250.037858206063            
01 Jan 2024 13:26:25.816   -1102.265938271802            4188.49060555999              -5399.87949658814             
01 Jan 2024 13:27:59.702   -1719.307191031716            3845.48794880236              -5492.573063060629            
01 Jan 2024 13:29:33.580   -2318.156534667432            3461.93513743596              -5527.139879195453            
01 Jan 2024 13:31:07.456   -2892.524438901261            3041.865850997279             -5503.221732591584            
01 Jan 2024 13:32:41.337   -3436.400705667244            2589.666158679527             -5421.059184221657            
01 Jan 2024 13:34:15.232   -3944.073492645707            2110.055795202998             -5281.485508017789            
01 Jan 2024 13:35:49.125   -4410.075130474689            1608.174007850856             -5085.979437819362            
01 Jan 2024 13:37:23.016   -4829.480315405123            1089.3100764934               -4836.596472246916            
01 Jan 2024 13:38:56.912   -5197.864498340479            558.9096043008951             -4535.944094112102            
01 Jan 2024 13:40:30.802   -5511.276860771482            22.63282106854138             -4187.224869160113            
01 Jan 2024 13:42:04.682   -5766.381318516161            -513.8217390511409            -3794.150351181811            
01 Jan 2024 13:43:38.556   -5960.489066572609            -1044.811830922928            -3360.862120278438            
01 Jan 2024 13:45:12.435   -6091.547698146417            -1564.775561791469            -2891.896995615639            
01 Jan 2024 13:46:46.319   -6158.141820659909            -2068.207392443212            -2392.213453835816            
01 Jan 2024 13:48:20.205   -6159.54070717883             -2549.751959997716            -1867.124875160146            
01 Jan 2024 13:49:54.097   -6095.709747506932            -3004.324748660807            -1322.176035898875            
01 Jan 2024 13:51:27.995   -5967.304172875754            -3427.106101372737            -763.1445693723841            
01 Jan 2024 13:53:01.904   -5775.659129344486            -3813.624686557677            -195.9419185546374            
01 Jan 2024 13:54:35.825   -5522.785339162909            -4159.776473818173            373.4110281311292             
01 Jan 2024 13:56:09.763   -5211.326920708377            -4461.902243893504            938.9008625734047             
01 Jan 2024 13:57:43.720   -4844.555913510806            -4716.79039608913             1494.52920949869              
01 Jan 2024 13:59:17.703   -4426.322717708523            -4921.730822818093            2034.409389302294             
01 Jan 2024 14:00:51.711   -3961.028573855827            -5074.533872677398            2552.808265921225             
01 Jan 2024 14:02:25.732   -3453.675063792965            -5173.545113773464            3044.125344378841             
01 Jan 2024 14:03:59.737   -2909.80357115131             -5217.716381815124            3503.016510600798             
01 Jan 2024 14:05:33.715   -2335.283107592675            -5206.639050846518            3924.590920699901             
01 Jan 2024 14:07:07.663   -1736.251945249665            -5140.509623169764            4304.417704644495             
01 Jan 2024 14:08:41.580   -1119.082340141297            -5020.1099990241              4638.531258344965             
01 Jan 2024 14:10:15.463   -490.3246944633573            -4846.795637628667            4923.460660926867             
01 Jan 2024 14:11:49.311   143.3708925119107             -4622.476168692195            5156.267868813506             
01 Jan 2024 14:13:23.124   775.3177592990176             -4349.593934495203            5334.572053394088             
01 Jan 2024 14:14:56.903   1398.887719807056             -4031.083041761432            5456.576651831552             
01 Jan 2024 14:16:30.654   2007.574349215671             -3670.330640549254            5521.07484984835              
01 Jan 2024 14:18:04.380   2595.040553685806             -3271.145143705011            5527.450765970431             
01 Jan 2024 14:19:38.090   3155.175561143245             -2837.719262048389            5475.682039360275             
01 Jan 2024 14:21:11.791   3682.171961842248             -2374.571078315284            5366.33347093585              
01 Jan 2024 14:22:45.486   4170.518114200461             -1886.555288227179            5200.56357780802              
01 Jan 2024 14:24:19.174   4615.096474895307             -1378.790953491842            4980.11965308161              
01 Jan 2024 14:25:52.861   5011.265302186388             -856.5741473879185            4707.303689446238             
01 Jan 2024 14:27:26.553   5354.878508967621             -325.3451370153864            4384.951301941319             
01 Jan 2024 14:29:00.256   5642.322755884386             209.3611973853253             4016.405277840131             
01 Jan 2024 14:30:33.972   5870.541738677528             741.9379854133531             3605.50894745422              
01 Jan 2024 14:32:07.705   6037.099007191398             1266.815400397259             3156.533988085337             
01 Jan 2024 14:33:41.463   6140.189281326091             1778.49935462713              2674.146353402771             
01 Jan 2024 14:35:15.250   6178.655193478813             2271.614750816869             2163.371285554335             
01 Jan 2024 14:36:49.071   6152.005155140978             2740.962724070724             1629.543837512155             
01 Jan 2024 14:38:22.930   6060.425341960841             3181.570244033814             1078.263303247289             
01 Jan 2024 14:39:56.827   5904.786503477171             3588.746849276767             515.3359221845084             
01 Jan 2024 14:41:30.760   5686.645681697598             3958.134160812679             -53.27836440791447            
01 Jan 2024 14:43:04.730   5408.234578935997             4285.765428439398             -621.5402065640847            
01 Jan 2024 14:44:38.729   5072.449796490517             4568.104786913067             -1183.381527543774            
01 Jan 2024 14:46:12.742   4682.862954119399             4802.080538257303             -1732.734713768412            
01 Jan 2024 14:47:46.762   4243.617004336248             4985.179773796238             -2263.71461438887             
01 Jan 2024 14:49:20.764   3759.493312962634             5115.427846803967             -2770.545957619298            
01 Jan 2024 14:50:54.744   3235.679301413983             5191.479648413477             -3247.838467422783            
01 Jan 2024 14:52:28.703   2677.741474026242             5212.578766267314             -3690.562724220883            
01 Jan 2024 14:54:02.646   2091.5763760515               5178.545681813313             -4094.074403625388            
01 Jan 2024 14:55:36.570   1483.420402345838             5089.782588560424             -4454.112450974057            
01 Jan 2024 14:57:10.476   859.7062460452646             4947.268229984044             -4766.901627814876            
01 Jan 2024 14:58:44.370   226.9992804772598             4752.535912558108             -5029.176469979256            
01 Jan 2024 15:00:18.259   -408.0659280761896            4507.649500957067             -5238.202902474804            
01 Jan 2024 15:01:52.146   -1038.816665909569            4215.192693656583             -5391.789992055652            
01 Jan 2024 15:03:26.033   -1658.605662245204            3878.251211238866             -5488.31837618263             
01 Jan 2024 15:04:59.911   -2260.833577044469            3500.419892102998             -5526.765073903351            
01 Jan 2024 15:06:33.786   -2839.185992260552            3085.667348033982             -5506.733329943651            
01 Jan 2024 15:08:07.666   -3387.606620528469            2638.328411040014             -5428.424208113954            
01 Jan 2024 15:09:41.559   -3900.334745058296            2163.075488606886             -5292.633325368557            
01 Jan 2024 15:11:15.452   -4371.871451992137            1664.97876381911              -5100.791472279854            
01 Jan 2024 15:12:49.343   -4797.216017316513            1149.303443497896             -4854.919880398465            
01 Jan 2024 15:14:23.238   -5171.882336431017            621.4620223035946             -4557.590086899079            
01 Jan 2024 15:15:57.130   -5491.864328337399            87.06797589773601             -4211.956670747151            
01 Jan 2024 15:17:31.011   -5753.743507805968            -448.1827808738212            -3821.707903887407            
01 Jan 2024 15:19:04.887   -5954.761571501718            -978.6638605734034            -3390.953396122056            
01 Jan 2024 15:20:38.765   -6092.790612587153            -1498.805226299411            -2924.215908075691            
01 Jan 2024 15:22:12.650   -6166.347859395984            -2003.120138507692            -2426.412597165197            
01 Jan 2024 15:23:46.536   -6174.626232125072            -2486.235427437645            -1902.844468694386            
01 Jan 2024 15:25:20.428   -6117.518668464009            -2943.052346417126            -1359.037923116579            
01 Jan 2024 15:26:54.328   -5995.606575117386            -3368.733656773722            -800.7499090518755            
01 Jan 2024 15:28:28.237   -5810.160033162485            -3758.764478888038            -233.9009998016993            
01 Jan 2024 15:30:02.159   -5563.114858679468            -4109.019519717438            335.5158956449943             
01 Jan 2024 15:31:36.095   -5257.074595949936            -4415.770824879645            901.4428962879391             
01 Jan 2024 15:33:10.047   -4895.253486085467            -4675.770178404465            1457.890645554429             
01 Jan 2024 15:34:44.023   -4481.441793163603            -4886.262871855933            1998.979753865174             
01 Jan 2024 15:36:18.027   -4019.981949315478            -5045.004252808947            2518.977166070931             
01 Jan 2024 15:37:52.048   -3515.816980027369            -5150.274664164801            3012.276594860461             
01 Jan 2024 15:39:26.053   -2974.474077073787            -5200.948758423121            3473.487239954734             
01 Jan 2024 15:41:00.030   -2401.801243952332            -5196.547946713991            3897.689000376177             
01 Jan 2024 15:42:33.975   -1803.931579465803            -5137.200734433319            4280.415971268736             
01 Jan 2024 15:44:07.885   -1187.230480218274            -5023.622451791697            4617.673989862181             
01 Jan 2024 15:45:41.762   -558.220555533189             -4857.094143776056            4905.973919777423             
01 Jan 2024 15:47:15.607   76.45478009615107             -4639.449249323879            5142.344484044099             
01 Jan 2024 15:48:49.418   710.1036924785145             -4373.054162248754            5324.365302745324             
01 Jan 2024 15:50:23.196   1336.062619610468             -4060.779771296145            5450.193215292651             
01 Jan 2024 15:51:56.944   1947.788807773101             -3705.954455368813            5518.580061510093             
01 Jan 2024 15:53:30.668   2538.916445606852             -3312.32478598981             5528.871623013139             
01 Jan 2024 15:55:04.374   3103.303287795077             -2884.021644606753            5481.005357570229             
01 Jan 2024 15:56:38.070   3635.085884978377             -2425.520465693897            5375.508094421706             
01 Jan 2024 15:58:11.764   4128.736451179427             -1941.595850691798            5213.488737375985             
01 Jan 2024 15:59:45.453   4579.06471227404              -1437.33467394093             4996.65400228305              
01 Jan 2024 16:01:19.143   4981.368068293918             -917.9929851030844            4727.263558453171             
01 Jan 2024 16:02:52.839   5331.42648560934              -388.990492706884             4408.120017441221             
01 Jan 2024 16:04:26.546   5625.558093205993             144.1606635003814             4042.53215056114              
01 Jan 2024 16:06:00.265   5860.632655387377             675.8628072738023             3634.317220916758             
01 Jan 2024 16:07:34.002   6034.144945985473             1200.561254008421             3187.714486751218             
01 Jan 2024 16:09:07.763   6144.216250467278             1712.764400483512             2707.364015617673             
01 Jan 2024 16:10:41.554   6189.614753968616             2207.085479227041             2198.275810556284             
01 Jan 2024 16:12:15.377   6169.777893479434             2678.308988470731             1665.773272754234             
01 Jan 2024 16:13:49.237   6084.821476513001             3121.450633343751             1115.433871983611             
01 Jan 2024 16:15:23.136   5935.546782132114             3531.792988166566             553.0549622180778             
01 Jan 2024 16:16:57.072   5723.440011326286             3904.950499733488             -15.41837176783721            
01 Jan 2024 16:18:31.045   5450.667391016914             4236.914141932999             -583.9463751219233            
01 Jan 2024 16:20:05.043   5120.084655556449             4524.085449237596             -1146.425286232681            
01 Jan 2024 16:21:39.057   4735.189257791341             4763.36141544462              -1696.816684421327            
01 Jan 2024 16:23:13.078   4300.076695295914             4952.168590959857             -2229.217937388984            
01 Jan 2024 16:24:47.079   3819.49280805079              5088.467391304314             -2737.828249526153            
01 Jan 2024 16:26:21.057   3298.590049978697             5170.850344324887             -3217.23897414297             
01 Jan 2024 16:27:55.014   2742.892639148876             5198.496441894973             -3662.409753925361            
01 Jan 2024 16:29:28.957   2158.27089534889              5171.155509030358             -4068.670773568051            
01 Jan 2024 16:31:02.882   1550.944494993729             5089.156674503598             -4431.729919570725            
01 Jan 2024 16:32:36.790   927.3414725776325             4953.406389957205             -4747.776090057224            
01 Jan 2024 16:34:10.688   294.0181475495309             4765.363250228718             -5013.511477760567            
01 Jan 2024 16:35:44.578   -342.3590747083421            4527.028657070697             -5226.15507845781             
01 Jan 2024 16:37:18.465   -975.1019465112033            4240.921318439207             -5383.480661643034            
01 Jan 2024 16:38:52.354   -1597.565830321864            3910.049952668517             -5483.835722953897            
01 Jan 2024 16:40:26.236   -2203.120013131273            3537.944295039762             -5526.153583012159            
01 Jan 2024 16:42:00.113   -2785.399491300367            3128.522713990219             -5509.995664069658            
01 Jan 2024 16:43:33.994   -3338.307511738658            2686.066053850756             -5435.524626812936            
01 Jan 2024 16:45:07.888   -3856.042795531657            2215.19190792438              -5303.496373252188            
01 Jan 2024 16:46:41.781   -4333.051262220868            1720.926179271769             -5115.302787404156            
01 Jan 2024 16:47:28.000   -4551.341152899467            1470.616449681247             -5002.617665588828            
