Starlink_22.UTCGregorian   Starlink_22.EarthMJ2000Eq.X   Starlink_22.EarthMJ2000Eq.Y   Starlink_22.EarthMJ2000Eq.Z   
01 Jan 2024 11:59:28.000   -1213.881951640207            -5814.079306682175            3552.916185768017             
01 Jan 2024 12:00:28.000   -932.9377601091364            -6029.72290072981             3266.83990640613              
01 Jan 2024 12:01:57.255   -507.9114580110414            -6301.991196370206            2815.444068675387             
01 Jan 2024 12:03:30.632   -58.11805438357148            -6522.222584869361            2314.346750227194             
01 Jan 2024 12:05:04.463   394.4644815419304             -6674.658910596546            1786.32518662747              
01 Jan 2024 12:06:38.337   843.0775594014189             -6756.451500422132            1239.082761386074             
01 Jan 2024 12:08:12.213   1282.762007118586             -6766.625100092633            678.6603501256409             
01 Jan 2024 12:09:46.094   1708.866611241916             -6705.048479375416            110.9945161456913             
01 Jan 2024 12:11:19.980   2116.872255509041             -6572.350802939593            -457.8860555908839            
01 Jan 2024 12:12:53.869   2502.434071568824             -6369.928210384152            -1021.912707610545            
01 Jan 2024 12:14:27.759   2861.451456219376             -6099.928246674085            -1575.072312727149            
01 Jan 2024 12:16:01.655   3190.136343387839             -5765.195161168732            -2111.513962125784            
01 Jan 2024 12:17:35.562   3485.009917862518             -5369.258603019969            -2625.548958074755            
01 Jan 2024 12:19:09.483   3742.949990168531             -4916.288545964466            -3111.727363738081            
01 Jan 2024 12:20:43.421   3961.216198833145             -4411.063914000013            -3564.881396794958            
01 Jan 2024 12:22:17.380   4137.487538581521             -3858.907267937263            -3980.196250893891            
01 Jan 2024 12:23:51.365   4269.882036065273             -3265.63024243526             -4353.254303331161            
01 Jan 2024 12:25:25.373   4356.968527126754             -2637.526860445331            -4680.05277361484             
01 Jan 2024 12:26:59.394   4397.798495543742             -1981.334847704248            -4957.058078271121            
01 Jan 2024 12:28:33.401   4391.940658833949             -1304.204149907747            -5181.261236090496            
01 Jan 2024 12:30:07.382   4339.498315001876             -613.4300301639727            -5350.291676379377            
01 Jan 2024 12:31:41.333   4241.079581637645             83.62690962072624             -5462.406532051674            
01 Jan 2024 12:33:15.253   4097.778414357815             779.569732131344              -5516.476292145262            
01 Jan 2024 12:34:49.140   3911.165366012462             1467.012957432742             -5511.989361844546            
01 Jan 2024 12:36:22.992   3683.264527175081             2138.686865005085             -5449.058173431084            
01 Jan 2024 12:37:56.808   3416.527451363624             2787.512497550835             -5328.411360472882            
01 Jan 2024 12:39:30.591   3113.806550779506             3406.666966724411             -5151.38189700302             
01 Jan 2024 12:41:04.346   2778.30959905952              3989.674885603628             -4919.879870318098            
01 Jan 2024 12:42:38.076   2413.583568850705             4530.431375938262             -4636.379491178832            
01 Jan 2024 12:44:11.789   2023.458909478028             5023.292515455525             -4303.878327871138            
01 Jan 2024 12:45:45.491   1612.029094046637             5463.099928848309             -3925.879283097257            
01 Jan 2024 12:47:19.185   1183.625808418694             5845.224317073431             -3506.373417814159            
01 Jan 2024 12:48:52.871   742.770868665842              6165.631530579335             -3049.800562024224            
01 Jan 2024 12:50:26.554   294.0883555049164             6420.955073629439             -2560.961010838917            
01 Jan 2024 12:52:00.244   -157.7283947173253            6608.504624496771             -2044.975776124354            
01 Jan 2024 12:53:33.946   -607.941355792559             6726.280137362392             -1507.259566032481            
01 Jan 2024 12:55:07.662   -1051.791559904356            6772.999985371445             -953.4995809570827            
01 Jan 2024 12:56:41.396   -1484.612578012027            6748.13377015595              -389.5207054616069            
01 Jan 2024 12:58:15.154   -1901.844219405617            6651.895207749057             178.7348448344923             
01 Jan 2024 12:59:48.943   -2299.082917381323            6485.242859313615             745.2722940070392             
01 Jan 2024 13:01:22.765   -2672.125602847215            6249.873435018188             1304.103249708663             
01 Jan 2024 13:02:56.624   -3017.009911834069            5948.212129622276             1849.30095196081              
01 Jan 2024 13:04:30.518   -3330.052228611594            5583.403621556721             2375.052518571492             
01 Jan 2024 13:06:04.450   -3607.912873630434            5159.259901640535             2875.760694062371             
01 Jan 2024 13:07:38.416   -3847.612657295778            4680.244369606042             3346.070834952333             
01 Jan 2024 13:09:12.413   -4046.575452280336            4151.423137295194             3780.942417136836             
01 Jan 2024 13:10:46.426   -4202.646718870487            3578.471972699052             4175.670777852805             
01 Jan 2024 13:12:20.445   -4314.156441469047            2967.539062721278             4526.014773437466             
01 Jan 2024 13:13:54.447   -4379.923750196629            2325.257744178827             4828.198661261021             
01 Jan 2024 13:15:28.425   -4399.292713570642            1658.521820922779             5079.034466664957             
01 Jan 2024 13:17:02.380   -4372.108601980291            974.3938121652868             5275.922755826797             
01 Jan 2024 13:18:36.321   -4298.696759667959            280.0725055266765             5416.836617824844             
01 Jan 2024 13:20:10.243   -4179.86870860025             -417.0750303544872            5500.318772250355             
01 Jan 2024 13:21:44.147   -4016.90984647378             -1109.687002680868            5525.524645562178             
01 Jan 2024 13:23:18.041   -3811.550444166372            -1790.501507141691            5492.217189241105             
01 Jan 2024 13:24:51.928   -3565.959305639401            -2452.362120773683            5400.760632250814             
01 Jan 2024 13:26:25.816   -3282.710160854067            -3088.32779958984             5252.114491616355             
01 Jan 2024 13:27:59.702   -2964.793496269957            -3691.662576892645            5047.845233727816             
01 Jan 2024 13:29:33.580   -2615.582653800842            -4255.950889997174            4790.121677089444             
01 Jan 2024 13:31:07.456   -2238.74590041847             -4775.249526269106            4481.653311026614             
01 Jan 2024 13:32:41.337   -1838.218000833914            -5244.099806039384            4125.657727058145             
01 Jan 2024 13:34:15.232   -1418.18411942999             -5657.544356265068            3725.845428144091             
01 Jan 2024 13:35:49.125   -983.1523704283782            -6011.099300002416            3286.503430120267             
01 Jan 2024 13:37:23.016   -537.7164789389672            -6301.003958113071            2812.274542978816             
01 Jan 2024 13:38:56.912   -86.56298124708903            -6524.174546667974            2308.150688625938             
01 Jan 2024 13:40:30.802   365.4810446203888             -6678.197098436335            1779.531531625513             
01 Jan 2024 13:42:04.682   813.6002781466319             -6761.424777684664            1232.061405667768             
01 Jan 2024 13:43:38.556   1253.070325794513             -6772.97756175393             671.5271866432423             
01 Jan 2024 13:45:12.435   1679.277142794754             -6712.718439914477            103.8249857154813             
01 Jan 2024 13:46:46.319   2087.698479430591             -6581.26333391045             -465.0130137434226            
01 Jan 2024 13:48:20.205   2473.982827512196             -6379.998010847357            -1028.914600667092            
01 Jan 2024 13:49:54.097   2834.04702609108              -6111.039563392015            -1581.906222934344            
01 Jan 2024 13:51:27.995   3164.07071547372              -5777.229750222002            -2118.108452389431            
01 Jan 2024 13:53:01.904   3460.561993780506             -5382.086358707797            -2631.837022104796            
01 Jan 2024 13:54:35.825   3720.371547037463             -4929.788831125416            -3117.626140494283            
01 Jan 2024 13:56:09.763   3940.750964729042             -4425.093801163285            -3570.332113465913            
01 Jan 2024 13:57:43.720   4119.353750791936             -3873.327098250078            -3985.137625757856            
01 Jan 2024 13:59:17.703   4254.274322527478             -3280.301326012726            -4357.629815809189            
01 Jan 2024 14:00:51.711   4344.060797067334             -2652.275324498321            -4683.830575547313            
01 Jan 2024 14:02:25.732   4387.730146030827             -1996.009048724595            -4960.197855565994            
01 Jan 2024 14:03:59.737   4384.821111922184             -1318.661629059014            -5183.728138457821            
01 Jan 2024 14:05:33.715   4335.406501278284             -627.5217599015546            -5352.06290272723             
01 Jan 2024 14:07:07.663   4240.062333551038             70.04719481908565             -5463.467505245902            
01 Jan 2024 14:08:41.580   4099.850641028866             766.6406138809566             -5516.820370826852            
01 Jan 2024 14:10:15.463   3916.307315064324             1454.874689325756             -5511.618251314561            
01 Jan 2024 14:11:49.311   3691.422358545256             2127.473214727611             -5447.97997256244             
01 Jan 2024 14:13:23.124   3427.619510925997             2777.335527801537             -5326.643013994618            
01 Jan 2024 14:14:56.903   3127.717811691498             3397.635424530707             -5148.947207249055            
01 Jan 2024 14:16:30.654   2794.896936836493             3981.883087212446             -4916.810844302569            
01 Jan 2024 14:18:04.380   2432.668890329496             4523.971377803657             -4632.709683266803            
01 Jan 2024 14:19:38.090   2044.844475881237             5018.23170080898              -4299.652418714051            
01 Jan 2024 14:21:11.791   1635.480277256181             5459.505017634867             -3921.136133689899            
01 Jan 2024 14:22:45.486   1208.887556148768             5843.140240044501             -3501.157003862756            
01 Jan 2024 14:24:19.174   769.5661549093264             6165.085319876901             -3044.155598876938            
01 Jan 2024 14:25:52.861   322.1270703441932             6421.951329462822             -2554.938539280733            
01 Jan 2024 14:27:26.553   -128.7370583005321            6611.02430478391              -2038.644241734463            
01 Jan 2024 14:29:00.256   -578.2963120935935            6730.290161513186             -1500.693932384733            
01 Jan 2024 14:30:33.972   -1021.805354032133            6778.454870794999             -946.7699772331785            
01 Jan 2024 14:32:07.705   -1454.597261457997            6754.973438126898             -382.7046348326553            
01 Jan 2024 14:33:41.463   -1872.116963234526            6660.045716737318             185.5646565806746             
01 Jan 2024 14:35:15.250   -2269.958343631904            6494.616111235679             752.0434093564171             
01 Jan 2024 14:36:49.071   -2643.912160417576            6260.368021760022             1310.743873739727             
01 Jan 2024 14:38:22.930   -2990.00687221138             5959.71402160154              1855.74113623169              
01 Jan 2024 14:39:56.827   -3304.55424616081             5595.776510698757             2381.238534346573             
01 Jan 2024 14:41:30.760   -3584.188292196269            5172.365376520154             2881.625485540822             
01 Jan 2024 14:43:04.730   -3825.91081375135             4693.935475102349             3351.550529322358             
01 Jan 2024 14:44:38.729   -4027.120545744402            4165.555652174153             3785.969415477075             
01 Jan 2024 14:46:12.742   -4185.638828542293            3592.905101248792             4180.179637808128             
01 Jan 2024 14:47:46.762   -4299.775984496139            2982.106230359077             4529.961641407202             
01 Jan 2024 14:49:20.764   -4368.318300338487            2339.814749691905             4831.532401162496             
01 Jan 2024 14:50:54.744   -4390.582716918488            1672.899711910519             5081.722312918761             
01 Jan 2024 14:52:28.703   -4366.381360833769            988.4298154265531             5277.934283761781             
01 Jan 2024 14:54:02.646   -4296.008147609777            293.6208198097664             5418.144099825403             
01 Jan 2024 14:55:36.570   -4180.243460994476            -404.1528394378533            5500.902701036392             
01 Jan 2024 14:57:10.476   -4020.339963477907            -1097.527818656977            5525.374384810473             
01 Jan 2024 14:58:44.370   -3818.001161030651            -1779.217857732551            5491.331174412429             
01 Jan 2024 15:00:18.259   -3575.358583828388            -2442.079139536195            5399.145161070631             
01 Jan 2024 15:01:52.146   -3294.962083854357            -3079.14261800008             5249.786727753982             
01 Jan 2024 15:03:26.033   -2979.762060352039            -3683.683223829777            5044.824598458586             
01 Jan 2024 15:04:59.911   -2633.114525679729            -4249.250637597624            4786.44248931422              
01 Jan 2024 15:06:33.786   -2258.65619705426             -4769.898601258493            4477.354354533379             
01 Jan 2024 15:08:07.666   -1860.300953658498            -5240.150552264737            4120.7882621713               
01 Jan 2024 15:09:41.559   -1442.214374097973            -5655.034143910214            3720.464905583793             
01 Jan 2024 15:11:15.452   -1008.864290517397            -6010.068176793782            3280.658108512032             
01 Jan 2024 15:12:49.343   -564.8406912149226            -6301.462646119635            2806.029209898986             
01 Jan 2024 15:14:23.238   -114.8155940428329            -6526.119355346897            2301.575375447479             
01 Jan 2024 15:15:57.130   336.4123356756562             -6681.614418329858            1772.68090624795              
01 Jan 2024 15:17:31.011   784.0215846393937             -6766.27775934678             1225.009738416777             
01 Jan 2024 15:19:04.887   1223.295746003917             -6779.215125320081            664.3478283081673             
01 Jan 2024 15:20:38.765   1649.611651968569             -6720.277286603373            96.60789690656084             
01 Jan 2024 15:22:12.650   2058.462698988074             -6590.065291486959            -472.1991675706757            
01 Jan 2024 15:23:46.536   2445.485738619811             -6389.953061318561            -1035.991780058292            
01 Jan 2024 15:25:20.428   2806.591628109906             -6122.045373764719            -1588.799782710351            
01 Jan 2024 15:26:54.328   3137.953790704712             -5789.16787221083             -2124.75337686948             
01 Jan 2024 15:28:28.237   3436.056355006855             -5394.839336920997            -2638.154528521008            
01 Jan 2024 15:30:02.159   3697.745435968044             -4943.213414254228            -3123.562470119841            
01 Jan 2024 15:31:36.095   3920.234576288904             -4439.076839087722            -3575.801608754864            
01 Jan 2024 15:33:10.047   4101.165468855374             -3887.744199037055            -3990.074609536369            
01 Jan 2024 15:34:44.023   4238.615564971955             -3295.010195962104            -4361.988178821118            
01 Jan 2024 15:36:18.027   4331.108934814602             -2667.11432087402             -4687.578923367667            
01 Jan 2024 15:37:52.048   4377.631558821904             -2010.794179231992            -4963.315739329479            
01 Jan 2024 15:39:26.053   4377.685662172117             -1333.23688602323             -5186.185985930681            
01 Jan 2024 15:41:00.030   4331.312509025737             -641.7388974999558            -5353.836894683815            
01 Jan 2024 15:42:33.975   4239.058884872785             56.31851293126412             -5464.540613389486            
01 Jan 2024 15:44:07.885   4101.958108252038             753.5232118284832             -5517.18759608395             
01 Jan 2024 15:45:41.762   3921.508890386101             1442.513247168572             -5511.286086268969            
01 Jan 2024 15:47:15.607   3699.663399726484             2116.015036894667             -5446.959328978693            
01 Jan 2024 15:48:49.418   3438.807683695676             2766.923103837453             -5324.946562266055            
01 Jan 2024 15:50:23.196   3141.734363441174             3388.381739680091             -5146.594651406122            
01 Jan 2024 15:51:56.944   2811.5989905876               3973.878333286419             -4913.832475007826            
01 Jan 2024 15:53:30.668   2451.884925299286             4517.296447178484             -4629.143020000211            
01 Jan 2024 15:55:04.374   2066.372840327608             5012.960074719419             -4295.538505108974            
01 Jan 2024 15:56:38.070   1659.104425997907             5455.685912146705             -3916.530639692997            
01 Jan 2024 15:58:11.764   1234.34102127459              5840.835119814566             -3496.094151528154            
01 Jan 2024 15:59:45.453   796.5728285008131             6164.323990030875             -3038.681919304424            
01 Jan 2024 16:01:19.143   350.3915057394302             6422.7451746977               -2549.100471120587            
01 Jan 2024 16:02:52.839   -99.51559795300876            6613.360744460938             -2032.499998886328            
01 Jan 2024 16:04:26.546   -548.4285331131549            6734.139188608658             -1494.304976996649            
01 Jan 2024 16:06:00.265   -991.6031799019898            6783.769032281535             -940.2074501691612            
01 Jan 2024 16:07:34.002   -1424.381423682495            6761.690466474325             -376.0352593264537            
01 Jan 2024 16:09:07.763   -1842.208847164635            6668.087000330017             192.2738039706113             
01 Jan 2024 16:10:41.554   -2240.670850132789            6503.889757415389             758.7174251000457             
01 Jan 2024 16:12:15.377   -2615.54820132486             6270.77263555161              1317.302192766167             
01 Jan 2024 16:13:49.237   -2962.865873744193            5971.133881429219             1862.11281826453              
01 Jan 2024 16:15:23.136   -3278.921813897114            5608.085801220162             2387.35286857286              
01 Jan 2024 16:16:57.072   -3560.338060470414            5185.422215251096             2887.421521106002             
01 Jan 2024 16:18:31.045   -3804.094844795954            4707.589941563586             3356.967087509909             
01 Jan 2024 16:20:05.043   -4007.557018074745            4179.682881426987             3790.923282982962             
01 Jan 2024 16:21:39.057   -4168.536432850089            3607.344784488491             4184.621528949972             
01 Jan 2024 16:23:13.078   -4285.314057428261            2996.700339979487             4533.842147694018             
01 Jan 2024 16:24:47.079   -4356.64593593086             2354.416465657494             4834.802337527378             
01 Jan 2024 16:26:21.057   -4381.821332228734            1687.364251895871             5084.341338598704             
01 Jan 2024 16:27:55.014   -4360.622722139128            1002.598388362634             5279.875751241924             
01 Jan 2024 16:29:28.957   -4293.310922494997            307.3347570113356             5419.387798648932             
01 Jan 2024 16:31:02.882   -4180.632163509223            -391.0475335336434            5501.433884075387             
01 Jan 2024 16:32:36.790   -4023.806025880429            -1085.174053073785            5525.183760045469             
01 Jan 2024 16:34:10.688   -3824.499967896595            -1767.759136246377            5490.415099183902             
01 Jan 2024 16:35:44.578   -3584.821550636984            -2431.622569736208            5397.508911170537             
01 Jan 2024 16:37:18.465   -3307.292435084349            -3069.784367202363            5247.446845716199             
01 Jan 2024 16:38:52.354   -2994.822708091276            -3675.531748641683            5041.799842288243             
01 Jan 2024 16:40:26.236   -2650.739009533149            -4242.397567688527            4782.757279763673             
01 Jan 2024 16:42:00.113   -2278.660135952856            -4764.407021221934            4473.046796752471             
01 Jan 2024 16:43:33.994   -1882.476486089847            -5236.070470310804            4115.905318095277             
01 Jan 2024 16:45:07.888   -1466.327592670158            -5652.40656257609             3715.057449071293             
01 Jan 2024 16:46:41.781   -1034.66285079594             -6008.917534822889            3274.785488402575             
01 Jan 2024 16:47:28.000   -817.865208704                -6161.252298452347            3044.988822192046             
