Starlink_orbit2_9.UTCGregorian   Starlink_orbit2_9.EarthMJ2000Eq.X   Starlink_orbit2_9.EarthMJ2000Eq.Y   Starlink_orbit2_9.EarthMJ2000Eq.Z   
01 Jan 2024 11:59:28.000         1779.527078203915                   -2717.416712054299                  -6111.396795413219                  
01 Jan 2024 12:00:28.000         1902.357793450076                   -2299.727833105657                  -6244.430190835243                  
01 Jan 2024 12:01:57.255         2069.764177150098                   -1660.600423926686                  -6392.268990750586                  
01 Jan 2024 12:03:30.632         2223.772578479272                   -975.123171829114                   -6481.553976601497                  
01 Jan 2024 12:05:04.463         2355.177326517446                   -276.0925389560993                  -6503.027285843994                  
01 Jan 2024 12:06:38.337         2461.843058826237                   426.1683591086291                   -6455.842816422972                  
01 Jan 2024 12:08:12.213         2542.58499385543                    1123.953121260015                   -6340.481198062196                  
01 Jan 2024 12:09:46.094         2596.555018364038                   1809.935393961602                   -6158.156248957769                  
01 Jan 2024 12:11:19.980         2623.181447261165                   2476.896388135395                   -5910.782054090523                  
01 Jan 2024 12:12:53.869         2622.178269821008                   3117.786972454626                   -5600.968158648925                  
01 Jan 2024 12:14:27.759         2593.552258125843                   3725.837594944228                   -5231.986001047941                  
01 Jan 2024 12:16:01.655         2537.596931381018                   4294.671639784402                   -4807.698016510345                  
01 Jan 2024 12:17:35.562         2454.889058894463                   4818.300066591784                   -4332.550480588721                  
01 Jan 2024 12:19:09.483         2346.282852455998                   5291.202369562153                   -3811.518697687135                  
01 Jan 2024 12:20:43.421         2212.905042139415                   5708.371481480411                   -3250.07183478363                   
01 Jan 2024 12:22:17.380         2056.140566932008                   6065.383936365923                   -2654.100187165966                  
01 Jan 2024 12:23:51.365         1877.618624806847                   6358.440885176098                   -2029.857371654025                  
01 Jan 2024 12:25:25.373         1679.213362248279                   6584.390287031292                   -1383.951193646405                  
01 Jan 2024 12:26:59.394         1463.036891392413                   6740.785480164256                   -723.296246668639                   
01 Jan 2024 12:28:33.401         1231.434884533181                   6825.946803978707                   -55.07198810263911                  
01 Jan 2024 12:30:07.382         986.8985843469053                   6839.028042015243                   613.5479357051314                   
01 Jan 2024 12:31:41.333         732.0317563882902                   6779.981075302818                   1275.468650309951                   
01 Jan 2024 12:33:15.253         469.5366694094098                   6649.529516341433                   1923.699766171337                   
01 Jan 2024 12:34:49.140         202.1952985002485                   6449.159373219994                   2551.402204590421                   
01 Jan 2024 12:36:22.992         -67.17114783768457                  6181.094682755554                   3151.986494764788                   
01 Jan 2024 12:37:56.808         -335.7331004358478                  5848.263505206324                   3719.180413184541                   
01 Jan 2024 12:39:30.591         -600.680005641517                   5454.261253664349                   4247.085847258665                   
01 Jan 2024 12:41:04.346         -859.2595897301035                  5003.287574782999                   4730.255095108767                   
01 Jan 2024 12:42:38.076         -1108.788130165594                  4500.120503985459                   5163.706552153052                   
01 Jan 2024 12:44:11.789         -1346.690299450707                  3950.037901990196                   5542.995072784752                   
01 Jan 2024 12:45:45.491         -1570.509820902254                  3358.786638247166                   5864.226236038697                   
01 Jan 2024 12:47:19.185         -1777.926941205277                  2732.548735314242                   6124.087588316858                   
01 Jan 2024 12:48:52.871         -1966.787474546551                  2077.875172415982                   6319.89560470773                    
01 Jan 2024 12:50:26.554         -2135.14114315674                   1401.558940336093                   6449.63847179753                    
01 Jan 2024 12:52:00.244         -2281.248314940503                  710.5875209665711                   6511.971506619909                   
01 Jan 2024 12:53:33.946         -2403.587279600923                  12.11070516583958                   6506.221402990803                   
01 Jan 2024 12:55:07.662         -2500.866450556725                  -686.5873997739466                  6432.405818583979                   
01 Jan 2024 12:56:41.396         -2572.055115631045                  -1378.257803296664                  6291.234874992305                   
01 Jan 2024 12:58:15.154         -2616.383031994645                  -2055.703274701915                  6084.101957377386                   
01 Jan 2024 12:59:48.943         -2633.350065646941                  -2711.852641508891                  5813.073854469456                   
01 Jan 2024 13:01:22.765         -2622.732809271929                  -3339.826742683132                  5480.87669994833                    
01 Jan 2024 13:02:56.624         -2584.590157475589                  -3933.000286441456                  5090.881029798349                   
01 Jan 2024 13:04:30.518         -2519.269248394137                  -4485.061742863845                  4647.088746509839                   
01 Jan 2024 13:06:04.450         -2427.402255288117                  -4990.124581967762                  4154.070438887841                   
01 Jan 2024 13:07:38.416         -2309.906663410789                  -5442.757577861263                  3616.95122456154                    
01 Jan 2024 13:09:12.413         -2167.979310970323                  -5838.063014632583                  3041.356517353332                   
01 Jan 2024 13:10:46.426         -2003.104633890146                  -6171.709753837784                  2433.418060624051                   
01 Jan 2024 13:12:20.445         -1817.022044831906                  -6440.059465520459                  1799.624181444737                   
01 Jan 2024 13:13:54.447         -1611.732711320441                  -6640.178297248947                  1146.832131100513                   
01 Jan 2024 13:15:28.425         -1389.431113587407                  -6769.933430716041                  482.0356203022853                   
01 Jan 2024 13:17:02.380         -1152.469783176334                  -6827.974447436319                  -187.7220432669603                  
01 Jan 2024 13:18:36.321         -903.3439582464964                  -6813.708968216626                  -855.378092897671                   
01 Jan 2024 13:20:10.243         -644.7026382179062                  -6727.310838521803                  -1513.824720043882                  
01 Jan 2024 13:21:44.147         -379.286058057571                   -6569.72786393513                   -2156.082520616599                  
01 Jan 2024 13:23:18.041         -109.8864731347013                  -6342.649520114409                  -2775.391414945081                  
01 Jan 2024 13:24:51.928         160.6567380284595                   -6048.496087786033                  -3365.21902402387                   
01 Jan 2024 13:26:25.816         429.5023949459145                   -5690.378334168006                  -3919.364207539003                  
01 Jan 2024 13:27:59.702         693.80332113313                     -5272.110877989525                  -4431.952573481452                  
01 Jan 2024 13:29:33.580         950.7529654354424                   -4798.170431442529                  -4897.542831593782                  
01 Jan 2024 13:31:07.456         1197.654114101803                   -4273.572973540386                  -5311.253554148846                  
01 Jan 2024 13:32:41.337         1431.928499157994                   -3703.825494943101                  -5668.766050095579                  
01 Jan 2024 13:34:15.232         1651.125101016443                   -3094.8987273497                    -5966.33387393783                   
01 Jan 2024 13:35:49.125         1852.896123147655                   -2453.335586249243                  -6200.770771630738                  
01 Jan 2024 13:37:23.016         2035.124924171826                   -1785.907558764831                  -6369.63031373062                   
01 Jan 2024 13:38:56.912         2195.907330388161                   -1099.618904790696                  -6471.157460728062                  
01 Jan 2024 13:40:30.802         2333.538391219617                   -401.7825403713033                  -6504.289752465018                  
01 Jan 2024 13:42:04.682         2446.572251525103                   300.2062982383874                   -6468.709430548005                  
01 Jan 2024 13:43:38.556         2533.835402357676                   998.9931328297591                   -6364.819418645619                  
01 Jan 2024 13:45:12.435         2594.421014088521                   1687.294904019808                   -6193.712991236489                  
01 Jan 2024 13:46:46.319         2627.687829310989                   2357.864829151351                   -5957.187818530263                  
01 Jan 2024 13:48:20.205         2633.280368799017                   3003.611683652695                   -5657.742503442058                  
01 Jan 2024 13:49:54.097         2611.134521742834                   3617.757520506028                   -5298.514721914878                  
01 Jan 2024 13:51:27.995         2561.474747280465                   4193.827004980578                   -4883.278619379875                  
01 Jan 2024 13:53:01.904         2484.811054965018                   4725.757513590079                   -4416.382736577281                  
01 Jan 2024 13:54:35.825         2381.938014929168                   5207.923083985609                   -3902.735372096899                  
01 Jan 2024 13:56:09.763         2253.918720278062                   5635.240432216419                   -3347.709158975711                  
01 Jan 2024 13:57:43.720         2102.08360496366                    6003.173121010987                   -2757.135491338016                  
01 Jan 2024 13:59:17.703         1928.011295487234                   6307.808232698714                   -2137.214929065946                  
01 Jan 2024 14:00:51.711         1733.51833037698                    6545.885408722978                   -1494.474820585977                  
01 Jan 2024 14:02:25.732         1520.681158163972                   6714.815303455547                   -835.8194636074344                  
01 Jan 2024 14:03:59.737         1291.81214175409                    6812.781646484264                   -168.4149048321573                  
01 Jan 2024 14:05:33.715         1049.370896649354                   6838.803415815515                   500.5818842019008                   
01 Jan 2024 14:07:07.663         795.9393816098128                   6792.694925855226                   1164.071383912166                   
01 Jan 2024 14:08:41.580         534.2065821147128                   6675.043367802478                   1815.042430462619                   
01 Jan 2024 14:10:15.463         266.9443666708193                   6487.197652572599                   2446.632519492004                   
01 Jan 2024 14:11:49.311         -3.026442958474833                  6231.247915219254                   3052.210018378749                   
01 Jan 2024 14:13:23.124         -272.8636248005209                  5910.000361408398                   3625.436819153038                   
01 Jan 2024 14:14:56.903         -539.7447524847184                  5526.927554055908                   4160.355878174913                   
01 Jan 2024 14:16:30.654         -800.8948294556567                  5086.11894966246                    4651.442130015643                   
01 Jan 2024 14:18:04.380         -1053.606984501594                  4592.239393518607                   5093.638481532336                   
01 Jan 2024 14:19:38.090         -1295.266922167582                  4050.481352749056                   5482.398873812952                   
01 Jan 2024 14:21:11.791         -1523.38580127725                   3466.489389623993                   5813.740521911841                   
01 Jan 2024 14:22:45.486         -1735.596232629293                  2846.373281347591                   6084.239722292108                   
01 Jan 2024 14:24:19.174         -1929.693722097016                  2196.617344957061                   6291.099799903348                   
01 Jan 2024 14:25:52.861         -2103.671122643402                  1523.969125553237                   6432.189946512391                   
01 Jan 2024 14:27:26.553         -2255.726196818671                  835.397720168368                    6506.045354835159                   
01 Jan 2024 14:29:00.256         -2384.276641943412                  138.0316600492136                   6511.877498536175                   
01 Jan 2024 14:30:33.972         -2487.96941258419                   -560.8671866798867                  6449.586614895061                   
01 Jan 2024 14:32:07.705         -2565.707664582356                  -1254.042412636903                  6319.766547284345                   
01 Jan 2024 14:33:41.463         -2616.65531048676                   -1934.29079718809                   6123.693610230403                   
01 Jan 2024 14:35:15.250         -2640.244250595573                  -2594.515658871972                  5863.319906354196                   
01 Jan 2024 14:36:49.071         -2636.182667244104                  -3227.799103364935                  5541.260207440709                   
01 Jan 2024 14:38:22.930         -2604.461143112691                  -3827.464883382052                  5160.777514162799                   
01 Jan 2024 14:39:56.827         -2545.357117269452                  -4387.151940261438                  4725.758828760621                   
01 Jan 2024 14:41:30.760         -2459.437459393936                  -4900.879533413811                  4240.689924246056                   
01 Jan 2024 14:43:04.730         -2347.555888188914                  -5363.127958638112                  3710.608453825223                   
01 Jan 2024 14:44:38.729         -2210.851060543578                  -5768.892965013781                  3141.071761005176                   
01 Jan 2024 14:46:12.742         -2050.753004985183                  -6113.731714154414                  2538.151399777078                   
01 Jan 2024 14:47:46.762         -1868.94263128618                   -6393.901047477429                  1908.255207343248                   
01 Jan 2024 14:49:20.764         -1667.381032214474                  -6606.328442851606                  1258.220520200455                   
01 Jan 2024 14:50:54.744         -1448.21431283154                   -6748.756881975511                  594.9849278067477                   
01 Jan 2024 14:52:28.703         -1213.762248947786                  -6819.696129700253                  -74.42086168868072                  
01 Jan 2024 14:54:02.646         -966.4976711920701                  -6818.414464809946                  -742.9251435925441                  
01 Jan 2024 14:55:36.570         -709.0504399749866                  -6744.947708545146                  -1403.409309716818                  
01 Jan 2024 14:57:10.476         -444.1462921682723                  -6600.105574581866                  -2048.876875490321                  
01 Jan 2024 14:58:44.370         -174.5786989657083                  -6385.448130308211                  -2672.518440197438                  
01 Jan 2024 15:00:18.259         96.81949051503901                   -6103.258333470145                  -3267.775275490313                  
01 Jan 2024 15:01:52.146         367.190636980728                    -5756.528864473318                  -3828.372690713318                  
01 Jan 2024 15:03:26.033         633.6806924752165                   -5348.940833745909                  -4348.386711477141                  
01 Jan 2024 15:04:59.911         893.4497157375665                   -4884.872137127533                  -4822.277036958095                  
01 Jan 2024 15:06:33.786         1143.774775144512                   -4369.229350967486                  -5245.082882696932                  
01 Jan 2024 15:08:07.666         1382.039335535657                   -3807.431845903404                  -5612.386697137757                  
01 Jan 2024 15:09:41.559         1605.749633707607                   -3205.372446077892                  -5920.339319984042                  
01 Jan 2024 15:11:15.452         1812.519185540307                   -2569.492896933951                  -6165.655618963803                  
01 Jan 2024 15:12:49.343         2000.170970409833                   -1906.525893028007                  -6345.763803335628                  
01 Jan 2024 15:14:23.238         2166.74413610939                    -1223.430476028503                  -6458.7917797869                    
01 Jan 2024 15:15:57.130         2310.477270657851                   -527.4612633747525                  -6503.556246355298                  
01 Jan 2024 15:17:31.011         2429.854239428313                   173.9827109354178                   -6479.612117425602                  
01 Jan 2024 15:19:04.887         2523.635897833708                   873.5557974717501                   -6387.240530026756                  
01 Jan 2024 15:20:38.765         2590.846030856909                   1563.947930318916                   -6227.419557552998                  
01 Jan 2024 15:22:12.650         2630.776878932515                   2237.916974267146                   -6001.823112770176                  
01 Jan 2024 15:23:46.536         2643.001621254048                   2888.324006437015                   -5712.837200542479                  
01 Jan 2024 15:25:20.428         2627.386954476515                   3508.344962671821                   -5363.489036200919                  
01 Jan 2024 15:26:54.328         2584.087882538444                   4091.45109772794                    -4957.442418880565                  
01 Jan 2024 15:28:28.237         2513.549138944878                   4631.488435109262                   -4498.962006506071                  
01 Jan 2024 15:30:02.159         2416.497380171863                   5122.768296231757                   -3992.847067387167                  
01 Jan 2024 15:31:36.095         2293.943015052523                   5560.076567824009                   -3444.431533014347                  
01 Jan 2024 15:33:10.047         2147.158874064062                   5938.789060924159                   -2859.468760368538                  
01 Jan 2024 15:34:44.023         1977.66707252078                    6254.893513866125                   -2244.08469950241                   
01 Jan 2024 15:36:18.027         1787.23043307337                    6505.015234638241                   -1604.741579643693                  
01 Jan 2024 15:37:52.048         1577.874055960074                   6686.435460692317                   -948.2867599715663                  
01 Jan 2024 15:39:26.053         1351.880544319068                   6797.188420512649                   -281.8912126031216                  
01 Jan 2024 15:41:00.030         1111.681123443031                   6836.155106384846                   387.2920756156679                   
01 Jan 2024 15:42:33.975         859.8401035705369                   6803.014786133467                   1052.146540529305                   
01 Jan 2024 15:44:07.885         599.0322306348031                   6698.2234718728                     1705.64306601578                    
01 Jan 2024 15:45:41.762         332.0104033223879                   6522.992301710548                   2340.916999231249                   
01 Jan 2024 15:47:15.607         61.58956637271732                   6279.27259276523                    2951.304692870252                   
01 Jan 2024 15:48:49.418         -209.3846975441126                  5969.734656907603                   3530.418318792127                   
01 Jan 2024 15:50:23.196         -478.0695507605081                  5597.734060711507                   4072.219751322893                   
01 Jan 2024 15:51:56.944         -741.6651842801584                  5167.253557348015                   4571.100977756319                   
01 Jan 2024 15:53:30.668         -997.4394843141145                  4682.852225831542                   5021.925798337688                   
01 Jan 2024 15:55:04.374         -1242.748329506166                  4149.621100655498                   5420.06289768712                    
01 Jan 2024 15:56:38.070         -1475.059299961869                  3573.131764426682                   5761.424608801862                   
01 Jan 2024 15:58:11.764         -1691.975867018735                  2959.377945667532                   6042.503457713322                   
01 Jan 2024 15:59:45.453         -1891.237005032667                  2314.792349906219                   6260.379671882493                   
01 Jan 2024 16:01:19.143         -2070.781960652353                  1646.065358797564                   6412.806217750539                   
01 Jan 2024 16:02:52.839         -2228.746956796726                  960.1379622432129                   6498.196447903969                   
01 Jan 2024 16:04:26.546         -2363.488655363167                  264.1117466883352                   6515.642781000286                   
01 Jan 2024 16:06:00.265         -2473.588643433727                  -434.7568439947553                  6464.926029220916                   
01 Jan 2024 16:07:34.002         -2557.885816044008                  -1129.220973159729                  6346.521007632637                   
01 Jan 2024 16:09:07.763         -2615.476592986373                  -1812.066881859734                  6161.585385145199                   
01 Jan 2024 16:10:41.554         -2645.723838279066                  -2476.164936935309                  5911.958307613865                   
01 Jan 2024 16:12:15.377         -2648.267556075161                  -3114.553990704269                  5600.147168644909                   
01 Jan 2024 16:13:49.237         -2623.030345576767                  -3720.518510888604                  5229.303762085472                   
01 Jan 2024 16:15:23.136         -2570.22187240633                   -4287.633769164348                  4803.213680902372                   
01 Jan 2024 16:16:57.072         -2490.341201083135                  -4809.852232963738                  4326.259316437616                   
01 Jan 2024 16:18:31.045         -2384.177155875595                  -5281.563895786305                  3803.390489575992                   
01 Jan 2024 16:20:05.043         -2252.814652913502                  -5697.642175689264                  3240.11840421446                    
01 Jan 2024 16:21:39.057         -2097.618405510502                  -6053.564534282959                  2642.411004751046                   
01 Jan 2024 16:23:13.078         -1920.217118343319                  -6345.465098206884                  2016.623575669572                   
01 Jan 2024 16:24:47.079         -1722.526923371938                  -6570.139722224414                  1369.559227937006                   
01 Jan 2024 16:26:21.057         -1506.653000547524                  -6725.203463595297                  708.1236462167448                   
01 Jan 2024 16:27:55.014         -1274.874664245861                  -6809.035960645935                  39.31163128341615                   
01 Jan 2024 16:29:28.957         -1029.63456271257                   -6820.766369106921                  -629.8149980108872                  
01 Jan 2024 16:31:02.882         -773.5401145556029                  -6760.287964247162                  -1292.131254703813                  
01 Jan 2024 16:32:36.790         -509.3039160047406                  -6628.269787849717                  -1940.616417435228                  
01 Jan 2024 16:34:10.688         -239.7086958417283                  -6426.130702887987                  -2568.436240861418                  
01 Jan 2024 16:35:44.578         32.40171819073601                   -6156.028592496082                  -3168.962387707558                  
01 Jan 2024 16:37:18.465         304.161279044229                    -5820.83231276178                   -3735.863920855254                  
01 Jan 2024 16:38:52.354         572.7111200593118                   -5424.088229091919                  -4263.170416180074                  
01 Jan 2024 16:40:26.236         835.1875992741381                   -4970.056981018763                  -4745.258439490462                  
01 Jan 2024 16:42:00.113         1088.831870671968                   -4463.551542555208                  -5177.06699685043                   
01 Jan 2024 16:43:33.994         1330.992220232693                   -3909.898278316261                  -5554.084585049267                  
01 Jan 2024 16:45:07.888         1559.136318382762                   -3314.900706742657                  -5872.364392854874                  
01 Jan 2024 16:46:41.781         1770.82907143882                    -2684.929156188507                  -6128.509673377473                  
01 Jan 2024 16:47:28.000         1868.305823470764                   -2364.00106693964                   -6230.931453304064                  
