Starlink_1.UTCGregorian    Starlink_1.EarthMJ2000Eq.X   Starlink_1.EarthMJ2000Eq.Y   Starlink_1.EarthMJ2000Eq.Z   
01 Jan 2024 11:59:28.000   6920.999999999999            0                            0                            
01 Jan 2024 12:00:28.000   6906.006552483301            273.8325856760883            363.3870794954224            
01 Jan 2024 12:01:57.255   6828.394052286765            678.6312251877561            900.5609298636841            
01 Jan 2024 12:03:30.632   6677.176685389585            1095.102538918734            1453.197102627108            
01 Jan 2024 12:05:04.463   6454.694980763696            1502.021423676237            1993.112860027908            
01 Jan 2024 12:06:38.337   6163.72374993968             1893.216533863272            2512.103574777917            
01 Jan 2024 12:08:12.213   5807.437414546082            2264.360229700181            3004.412554814811            
01 Jan 2024 12:09:46.094   5389.604994339514            2611.533986112083            3464.827581126553            
01 Jan 2024 12:11:19.980   4914.650209569876            2931.064565185324            3888.463821047843            
01 Jan 2024 12:12:53.869   4387.622222789363            3219.558967442651            4270.810483100126            
01 Jan 2024 12:14:27.759   3814.121478207858            3473.958878019306            4607.803274171759            
01 Jan 2024 12:16:01.655   3200.188094903382            3691.586923621602            4895.885895123165            
01 Jan 2024 12:17:35.562   2552.294740701319            3870.140661552372            5132.002242129764            
01 Jan 2024 12:19:09.483   1877.263583597687            4007.723600024499            5313.637639404798            
01 Jan 2024 12:20:43.421   1182.216060617477            4102.860459293554            5438.839159548805            
01 Jan 2024 12:22:17.380   474.4780880179961            4154.517393750361            5506.242425521154            
01 Jan 2024 12:23:51.365   -238.4890085885665           4162.109643567423            5515.081721525698            
01 Jan 2024 12:25:25.373   -949.102684437035            4125.511437149809            5465.203158292723            
01 Jan 2024 12:26:59.394   -1649.723162722521           4045.077629405381            5357.093313103479            
01 Jan 2024 12:28:33.401   -2332.713195264648           3921.669280809999            5191.913076842809            
01 Jan 2024 12:30:07.382   -2990.72358179693            3756.623744283363            4971.457327956564            
01 Jan 2024 12:31:41.333   -3616.750542862304           3551.717768899985            4698.105696579688            
01 Jan 2024 12:33:15.253   -4204.15121504554            3309.148379833006            4374.79699531452             
01 Jan 2024 12:34:49.140   -4746.687160134576           3031.518316024062            4005.009627259044            
01 Jan 2024 12:36:22.992   -5238.614349087831           2721.799439406842            3592.712618015983            
01 Jan 2024 12:37:56.808   -5674.74118319119            2383.298139200786            3142.31933308825             
01 Jan 2024 12:39:30.591   -6050.476242194303           2019.621364060057            2658.642026428705            
01 Jan 2024 12:41:04.346   -6361.886481559147           1634.621545154168            2146.818318386504            
01 Jan 2024 12:42:38.076   -6605.709900376556           1232.377709534458            1612.285805590665            
01 Jan 2024 12:44:11.789   -6779.402835313001           817.1310197164273            1060.696074115009            
01 Jan 2024 12:45:45.491   -6881.148959683834           393.2613295044646            497.8832382849371            
01 Jan 2024 12:47:19.185   -6909.882926324588           -34.74335128662776           -70.17698943802522           
01 Jan 2024 12:48:52.871   -6865.316431431927           -462.3408931018575           -637.4394421380987           
01 Jan 2024 12:50:26.554   -6747.936502923239           -885.0234831404478           -1197.907209139122           
01 Jan 2024 12:52:00.244   -6558.984109287308           -1298.348231429401           -1745.672532968941           
01 Jan 2024 12:53:33.946   -6300.445100867379           -1697.961204145357           -2274.949022544502           
01 Jan 2024 12:55:07.662   -5975.055903529062           -2079.622769926856           -2780.105666587085           
01 Jan 2024 12:56:41.396   -5586.238601768615           -2439.308778157407           -3255.801187708677           
01 Jan 2024 12:58:15.154   -5138.07956822353            -2773.220281902377           -3696.997181131871           
01 Jan 2024 12:59:48.943   -4635.285735843462           -3077.825161439881           -4099.013474526521           
01 Jan 2024 13:01:22.765   -4083.139424030561           -3349.892716557171           -4457.574122845599           
01 Jan 2024 13:02:56.624   -3487.453929550051           -3586.524543520728           -4768.848447200802           
01 Jan 2024 13:04:30.518   -2854.53230810185            -3785.183739054564           -5029.489840055952           
01 Jan 2024 13:06:04.450   -2191.060218945185           -3943.739444786467           -5236.694579151364           
01 Jan 2024 13:07:38.416   -1504.076938326458           -4060.477181582365           -5388.21556386857            
01 Jan 2024 13:09:12.413   -800.8916157775245           -4134.125609112481           -5482.397551779492           
01 Jan 2024 13:10:46.426   -89.07628066719164           -4163.873316683864           -5518.199514366222           
01 Jan 2024 13:12:20.445   623.7246718324905            -4149.397826599678           -5495.232221348545           
01 Jan 2024 13:13:54.447   1329.784274164861            -4090.872490268041           -5413.767459197469           
01 Jan 2024 13:15:28.425   2021.550008526245            -3988.957810994989           -5274.725115537725           
01 Jan 2024 13:17:02.380   2691.716627850435            -3844.766403331958           -5079.626160730543           
01 Jan 2024 13:18:36.321   3333.241716848764            -3659.840688317112           -4830.562823961354           
01 Jan 2024 13:20:10.243   3939.319525555135            -3436.164845212409           -4530.214475090951           
01 Jan 2024 13:21:44.147   4503.548116599004            -3176.124592568061           -4181.793147299124           
01 Jan 2024 13:23:18.041   5020.002859250963            -2882.466566863334           -3788.98899941438            
01 Jan 2024 13:24:51.928   5483.239065654836            -2558.29215944883            -3355.961907898987           
01 Jan 2024 13:26:25.816   5888.377285341736            -2207.009451921208           -2887.276942418479           
01 Jan 2024 13:27:59.702   6231.104944608154            -1832.344288107568           -2387.918806111771           
01 Jan 2024 13:29:33.580   6507.766200410971            -1438.290166250324           -1863.22452038199            
01 Jan 2024 13:31:07.456   6715.442553044898            -1029.005869204036           -1318.746767898978           
01 Jan 2024 13:32:41.337   6851.941312112586            -608.787843142536            -760.2169995779385           
01 Jan 2024 13:34:15.232   6915.798320611509            -182.0521333663162           -193.5211344362279           
01 Jan 2024 13:35:49.125   6906.309640191468            246.6010817938703            375.2153421596546            
01 Jan 2024 13:37:23.016   6823.581741219165            672.6326064759896            939.9533265520653            
01 Jan 2024 13:38:56.912   6668.487983186081            1091.550624052178            1494.722095349129            
01 Jan 2024 13:40:30.802   6442.698780550885            1498.869552240888            2033.565275613728            
01 Jan 2024 13:42:04.682   6148.648475855513            1890.255094561517            2550.733442392129            
01 Jan 2024 13:43:38.556   5789.465443311134            2261.589921367343            3040.771100173036            
01 Jan 2024 13:45:12.435   5368.929407718313            2608.984545400879            3498.531108612526            
01 Jan 2024 13:46:46.319   4891.49558035828             2928.761997294874            3919.15484173905             
01 Jan 2024 13:48:20.205   4362.244379498644            3217.525495742793            4298.161909702604            
01 Jan 2024 13:49:54.097   3786.760280440832            3472.231907464915            4631.546964422395            
01 Jan 2024 13:51:27.995   3171.130740652164            3690.18434708676             4915.770109957173            
01 Jan 2024 13:53:01.904   2521.843388064735            3869.077423087123            5147.816334104426            
01 Jan 2024 13:54:35.825   1845.761880093105            4007.005686338754            5325.206705922641            
01 Jan 2024 13:56:09.763   1149.994055690792            4102.497238522702            5446.042031546217            
01 Jan 2024 13:57:43.720   441.885805732988             4154.513316751035            5509.002360258512            
01 Jan 2024 13:59:17.703   -271.0924131711685           4162.46710947778             5513.371073509375            
01 Jan 2024 14:00:51.711   -981.3950114986218           4126.228489643877            5459.040782063927            
01 Jan 2024 14:02:25.732   -1681.356869313145           4046.148149175513            5346.54578204859             
01 Jan 2024 14:03:59.737   -2363.340023783354           3923.085940033541            5177.098397316659            
01 Jan 2024 14:05:33.715   -3020.016467896663           3758.375355393834            4952.539240937061            
01 Jan 2024 14:07:07.663   -3644.398545613902           3553.789871963289            4675.292111279415            
01 Jan 2024 14:08:41.580   -4229.860031898808           3311.524403560904            4348.339017870303            
01 Jan 2024 14:10:15.463   -4770.191195661542           3034.175558161857            3975.193292333484            
01 Jan 2024 14:11:49.311   -5259.673005318043           2724.710620982894            3559.857528104495            
01 Jan 2024 14:13:23.124   -5693.132092417109           2386.438802367052            3106.784672917962            
01 Jan 2024 14:14:56.903   -6066.011773698975           2022.961127539749            2620.810593590428            
01 Jan 2024 14:16:30.654   -6374.40861603851            1638.12949785976             2107.099114555901            
01 Jan 2024 14:18:04.380   -6615.098059625301           1236.013369214051            1571.097255813977            
01 Jan 2024 14:19:38.090   -6785.564550237022           820.8599010796953            1018.481747684381            
01 Jan 2024 14:21:11.791   -6884.029528377829           397.0346901577808            455.0797863925865            
01 Jan 2024 14:22:45.486   -6909.457590449811           -30.97245574265833           -113.1236965103648           
01 Jan 2024 14:24:19.174   -6861.591711632313           -458.6214595731706           -680.0848554248364           
01 Jan 2024 14:25:52.861   -6740.950575730949           -881.4003976949266           -1239.805320441095           
01 Jan 2024 14:27:26.553   -6548.813070558645           -1294.853832713191           -1786.369984994217           
01 Jan 2024 14:29:00.256   -6287.202905243247           -1694.625522899779           -2314.003866448312           
01 Jan 2024 14:30:33.972   -5958.887345413585           -2076.480827469303           -2817.102175251559           
01 Jan 2024 14:32:07.705   -5567.323719156965           -2436.390741668417           -3290.34158663081            
01 Jan 2024 14:33:41.463   -5116.624070614223           -2770.558668138889           -3728.715699821324           
01 Jan 2024 14:35:15.250   -4611.521169074308           -3075.450607681187           -4127.575030883977           
01 Jan 2024 14:36:49.071   -4057.320697151026           -3347.833262054639           -4482.677326616325           
01 Jan 2024 14:38:22.930   -3459.85590918987            -3584.805308765056           -4790.22881737362            
01 Jan 2024 14:39:56.827   -2825.429358738187           -3783.831036030279           -5046.92842174233            
01 Jan 2024 14:41:30.760   -2160.757939686326           -3942.768015719939           -5250.004041097925           
01 Jan 2024 14:43:04.730   -1472.892467865765           -4059.897009082426           -5397.251476713846           
01 Jan 2024 14:44:38.729   -769.1631758848723           -4133.94052526539            -5487.058548601838           
01 Jan 2024 14:46:12.742   -57.15580407747197           -4164.083809389621           -5518.432775027906           
01 Jan 2024 14:47:46.762   655.5118372082806            -4150.001015237512           -5491.033467020336           
01 Jan 2024 14:49:20.764   1361.086850019491            -4091.861306817582           -5405.181087944673           
01 Jan 2024 14:50:54.744   2052.049567199932            -3990.31826743316            -5261.838643301014           
01 Jan 2024 14:52:28.703   2721.097076545049            -3846.478794674918           -5062.570464434672           
01 Jan 2024 14:54:02.646   3361.185343070922            -3661.883568182204           -4809.515623364735           
01 Jan 2024 14:55:36.570   3965.522659705007            -3438.51420941444            -4505.397373275496           
01 Jan 2024 14:57:10.476   4527.730304091829            -3178.75160761482            -4153.465641110023           
01 Jan 2024 14:58:44.370   5041.892824964027            -2885.346532243092           -3757.457171247419           
01 Jan 2024 15:00:18.259   5502.606700465771            -2561.388798552898           -3321.553751129254           
01 Jan 2024 15:01:52.146   5905.006905405874            -2210.293014028839           -2850.36271277675            
01 Jan 2024 15:03:26.033   6244.823532672508            -1835.770448893431           -2348.878614839074           
01 Jan 2024 15:04:59.911   6518.418783193243            -1441.826688306131           -1822.479373381253           
01 Jan 2024 15:06:33.786   6722.912287534783            -1032.613715684838           -1276.728021923393           
01 Jan 2024 15:08:07.666   6856.14366410001             -612.4316234078962           -717.3751709429079           
01 Jan 2024 15:09:41.559   6916.684969003511            -185.6993995160311           -150.3197743804097           
01 Jan 2024 15:11:15.452   6903.869394921058            243.0016357760386            418.3339387028637            
01 Jan 2024 15:12:49.343   6817.836728987494            669.1167052577138            982.5280355359764            
01 Jan 2024 15:14:23.238   6659.496989627889            1088.152207811663            1536.296662027147            
01 Jan 2024 15:15:57.130   6430.547934801346            1495.635350749229            2073.713059123688            
01 Jan 2024 15:17:31.011   6133.463322896054            1887.215615355434            2589.024370471809            
01 Jan 2024 15:19:04.887   5771.402922607954            2258.775563854226            3076.797708212298            
01 Jan 2024 15:20:38.765   5348.189326486475            2606.414091921245            3531.897896509268            
01 Jan 2024 15:22:12.650   4868.291666544714            2926.465465562012            3949.512792200183            
01 Jan 2024 15:23:46.536   4336.824541539361            3215.524292028518            4325.186704159722            
01 Jan 2024 15:25:20.428   3759.3944427906              3470.545875832499            4654.951564159587            
01 Jan 2024 15:26:54.328   3142.100490348473            3688.83317617384             4935.30986604501             
01 Jan 2024 15:28:28.237   2491.4672710236              3868.070925955766            5163.279159217374            
01 Jan 2024 15:30:02.159   1814.344924894167            4006.357300226               5336.432751157275            
01 Jan 2024 15:31:36.095   1117.905492653701            4102.207796453303            5452.904963450004            
01 Jan 2024 15:33:10.047   409.4882345740535            4154.587438276878            5511.431625775031            
01 Jan 2024 15:34:44.023   -303.4521255853403           4162.909292324091            5511.347384214432            
01 Jan 2024 15:36:18.027   -1013.387887152792           4127.038463804454            5452.590396357328            
01 Jan 2024 15:37:52.048   -1712.676188147157           4047.316290035222            5335.735149680617            
01 Jan 2024 15:39:26.053   -2393.6533956716             3924.599262765383            5162.042673119112            
01 Jan 2024 15:41:00.030   -3048.996563502807           3760.218738720762            4933.401280613231            
01 Jan 2024 15:42:33.975   -3671.720559228712           3555.950334279248            4652.28583855694             
01 Jan 2024 15:44:07.885   -4255.218011640432           3313.989986196279            4321.725188001234            
01 Jan 2024 15:45:41.762   -4793.325337766991           3036.922921594153            3945.259709616514            
01 Jan 2024 15:47:15.607   -5280.354083679034           2727.707686159263            3526.919407272812            
01 Jan 2024 15:48:49.418   -5711.157774294817           2389.645657491908            3071.18212599235             
01 Jan 2024 15:50:23.196   -6081.194107679116           2026.343109488501            2582.921926091745            
01 Jan 2024 15:51:56.944   -6386.584605663274           1641.656806107694            2067.33561003114             
01 Jan 2024 15:53:30.668   -6624.140574047678           1239.653572798932            1529.888335136787            
01 Jan 2024 15:55:04.374   -6791.38344753325            824.5749669316847            976.2660754309355            
01 Jan 2024 15:56:38.070   -6886.567350357386           400.7953291336608            412.3192517880844            
01 Jan 2024 15:58:11.764   -6908.69582721213            -27.22447226308603           -155.9992650648631           
01 Jan 2024 15:59:45.453   -6857.539788228176           -454.9331610124866           -722.6296593392233           
01 Jan 2024 16:01:19.143   -6733.648264084844           -877.8202192824385           -1281.579754154459           
01 Jan 2024 16:02:52.839   -6538.33409360419            -1291.420869278881           -1826.931727877343           
01 Jan 2024 16:04:26.546   -6273.65399690863            -1691.376890768427           -2352.922812463946           
01 Jan 2024 16:06:00.265   -5942.411891777984           -2073.446633627119           -2853.958987409626           
01 Jan 2024 16:07:34.002   -5548.092835850358           -2433.60343393554            -3324.744729651742           
01 Jan 2024 16:09:07.763   -5094.836636266408           -2768.048374160128           -3760.299788656603           
01 Jan 2024 16:10:41.554   -4587.40885523298            -3073.240475662413           -4155.999032016837           
01 Jan 2024 16:12:15.377   -4031.14663312258            -3345.941300878193           -4507.630932685975           
01 Jan 2024 16:13:49.237   -3431.897449608466           -3583.251296795759           -4811.444934473263           
01 Jan 2024 16:15:23.136   -2795.98409989394            -3782.630792782866           -5064.178906539201           
01 Jan 2024 16:16:57.072   -2130.128837602464           -3941.935922028738           -5263.105613699798           
01 Jan 2024 16:18:31.045   -1441.396752655309           -4059.441285339183           -5406.061909710755           
01 Jan 2024 16:20:05.043   -737.1687452130562           -4133.860712307798           -5491.475932441592           
01 Jan 2024 16:21:39.057   -24.99211757929992           -4164.381985211792           -5518.410472925044           
01 Jan 2024 16:23:13.078   687.505932382943             -4150.673311411263           -5486.569967970388           
01 Jan 2024 16:24:47.079   1392.560811889887            -4092.900456149023           -5396.324366695701           
01 Jan 2024 16:26:21.057   2082.658711266881            -3991.714826718098           -5248.685832069536           
01 Jan 2024 16:27:55.014   2750.522731333717            -3848.217295422986           -5045.26085615495            
01 Jan 2024 16:29:28.957   3389.12315428934             -3663.942835787225           -4788.229534973219           
01 Jan 2024 16:31:02.882   3991.682766392911            -3440.867990988188           -4480.3552385178             
01 Jan 2024 16:32:36.790   4551.836482136386            -3181.370791751876           -4124.92812409168            
01 Jan 2024 16:34:10.688   5063.695754394375            -2888.194408105769           -3725.715412119562           
01 Jan 2024 16:35:44.578   5521.860882144521            -2564.437677516404           -3286.948339121621           
01 Jan 2024 16:37:18.465   5921.495780114889            -2213.51552438575            -2813.267900252416           
01 Jan 2024 16:38:52.354   6258.374914402059            -1839.124350248377           -2309.677714380876           
01 Jan 2024 16:40:26.236   6528.887576434271            -1445.268635360228           -1781.57895804915            
01 Jan 2024 16:42:00.113   6730.178510267115            -1036.109547388756           -1234.566334291627           
01 Jan 2024 16:43:33.994   6860.123125355073            -615.9474846729347           -674.4050862759501           
01 Jan 2024 16:45:07.888   6917.330665028956            -189.1974197398767           -106.9978998164591           
01 Jan 2024 16:46:41.781   6901.170669248322            239.5568649016234            461.544002827183             
01 Jan 2024 16:47:28.000   6866.292521500594            449.9586034196138            739.9785018794894            
