Starlink_21.UTCGregorian   Starlink_21.EarthMJ2000Eq.X   Starlink_21.EarthMJ2000Eq.Y   Starlink_21.EarthMJ2000Eq.Z   
01 Jan 2024 11:59:28.000   -4265.556078016454            1651.505450986364             5194.015988679574             
01 Jan 2024 12:00:28.000   -4274.337917076457            1210.602406482219             5307.063004759443             
01 Jan 2024 12:01:57.255   -4253.283707748305            545.6346771998839             5432.619466472136             
01 Jan 2024 12:03:30.632   -4187.820264052223            -155.5131905409145            5508.317692869887             
01 Jan 2024 12:05:04.463   -4077.99115111745             -858.4166284556588            5526.28463488163              
01 Jan 2024 12:06:38.337   -3925.088742453438            -1552.589627726157            5485.798366302137             
01 Jan 2024 12:08:12.213   -3730.766052256726            -2230.392753937403            5387.266821461209             
01 Jan 2024 12:09:46.094   -3497.063394270234            -2884.693303743174            5231.723820543345             
01 Jan 2024 12:11:19.980   -3226.436060798525            -3508.587597614198            5020.801319482404             
01 Jan 2024 12:12:53.869   -2921.740415441879            -4095.462812110975            4756.725329345276             
01 Jan 2024 12:14:27.759   -2586.193707916141            -4639.101588659539            4442.287219871186             
01 Jan 2024 12:16:01.655   -2223.310143752057            -5133.783462356671            4080.783151826792             
01 Jan 2024 12:17:35.562   -1836.897324535979            -5574.278591965901            3676.007779215889             
01 Jan 2024 12:19:09.483   -1431.008002941622            -5955.919394673546            3232.207317899306             
01 Jan 2024 12:20:43.421   -1009.910397754918            -6274.639469404639            2754.049372018253             
01 Jan 2024 12:22:17.380   -578.0308634696031            -6527.03113482548             2246.560813089417             
01 Jan 2024 12:23:51.365   -139.9110070834743            -6710.376402905827            1715.078455047194             
01 Jan 2024 12:25:25.373   299.8016758950105             -6822.667728236501            1165.241243540056             
01 Jan 2024 12:26:59.394   736.3932183509208             -6862.658545584927            602.9499043947923             
01 Jan 2024 12:28:33.401   1165.119730772287             -6829.917992731498            34.33126709823939             
01 Jan 2024 12:30:07.382   1581.386456852237             -6724.850226180261            -534.4920532807208            
01 Jan 2024 12:31:41.333   1980.78655201428              -6548.646818407765            -1097.463657936327            
01 Jan 2024 12:33:15.253   2359.112301982199             -6303.25663591887             -1648.615278252201            
01 Jan 2024 12:34:49.140   2712.382563838691             -5991.369152833088            -2182.106843390888            
01 Jan 2024 12:36:22.992   3036.8995958556               -5616.3736208072              -2692.310508183017            
01 Jan 2024 12:37:56.808   3329.285381692954             -5182.313927893683            -3173.86880225495             
01 Jan 2024 12:39:30.591   3586.510973642289             -4693.842530551608            -3621.743829504375            
01 Jan 2024 12:41:04.346   3805.933322059898             -4156.144176361466            -4031.283114860157            
01 Jan 2024 12:42:38.076   3985.301239639336             -3574.907404606252            -4398.234146575685            
01 Jan 2024 12:44:11.789   4122.785915084216             -2956.23314129892             -4718.805336240518            
01 Jan 2024 12:45:45.491   4216.98509031887              -2306.60070643703             -4989.679415770614            
01 Jan 2024 12:47:19.185   4266.937113654591             -1632.827378977678            -5208.04121230861             
01 Jan 2024 12:48:52.871   4272.138837833858             -941.9923961554667            -5371.618509964176            
01 Jan 2024 12:50:26.554   4232.549942824667             -241.3005383233924            -5478.718801343538            
01 Jan 2024 12:52:00.244   4148.581760580721             461.9664387560915             -5528.225759835895            
01 Jan 2024 12:53:33.946   4021.094053669224             1160.484665409454             -5519.602996884132            
01 Jan 2024 12:55:07.662   3851.401810104099             1846.921585472674             -5452.910594505324            
01 Jan 2024 12:56:41.396   3641.245522772382             2514.107693751388             -5328.80512170019             
01 Jan 2024 12:58:15.154   3392.78177346625              3155.0531236702               -5148.531030163652            
01 Jan 2024 12:59:48.943   3108.563049210302             3763.021597951811             -4913.910918215773            
01 Jan 2024 13:01:22.765   2791.516356786691             4331.594949984501             -4627.332046550405            
01 Jan 2024 13:02:56.624   2444.921983839903             4854.733040016175             -4291.731967209602            
01 Jan 2024 13:04:30.518   2072.393803283599             5326.831693639103             -3910.585690520448            
01 Jan 2024 13:06:04.450   1677.819822057073             5742.82265968293              -3487.850244560873            
01 Jan 2024 13:07:38.416   1265.347238818618             6098.200987331978             -3027.951073932093            
01 Jan 2024 13:09:12.413   839.3343684787416             6389.092769846538             -2535.734138462541            
01 Jan 2024 13:10:46.426   404.348029035575              6612.288413851518             -2016.469725145462            
01 Jan 2024 13:12:20.445   -34.95168535331871            6765.340590082797             -1475.723348291911            
01 Jan 2024 13:13:54.447   -473.8058559866294            6846.576905014807             -919.3655252067431            
01 Jan 2024 13:15:28.425   -907.5172929233423            6855.152881079843             -353.3731113282565            
01 Jan 2024 13:17:02.380   -1331.500407177845            6791.016241725816             216.2444274679245             
01 Jan 2024 13:18:36.321   -1741.29487269733             6654.876011603024             783.4702236814326             
01 Jan 2024 13:20:10.243   -2132.550573415649            6448.214619122714             1342.257934307745             
01 Jan 2024 13:21:44.147   -2501.135333337354            6173.263501124278             1886.678656945739             
01 Jan 2024 13:23:18.041   -2843.184555935064            5832.954006762438             2410.997312785446             
01 Jan 2024 13:24:51.928   -3155.103768855028            5430.905104128369             2909.679074427672             
01 Jan 2024 13:26:25.816   -3433.62480770798             4971.364489974716             3377.476479685046             
01 Jan 2024 13:27:59.702   -3675.804979241508            4459.223333787898             3809.425339900212             
01 Jan 2024 13:29:33.580   -3879.085029692311            3899.955738163179             4200.934535721024             
01 Jan 2024 13:31:07.456   -4041.345478815329            3299.473386631819             4547.89262836446              
01 Jan 2024 13:32:41.337   -4160.899868306668            2664.077392111608             4846.670015188752             
01 Jan 2024 13:34:15.232   -4236.49595761948             2000.429823796528             5094.12706576701              
01 Jan 2024 13:35:49.125   -4267.327788296084            1315.664808129766             5287.605282176955             
01 Jan 2024 13:37:23.016   -4253.085882292514            617.0120974883736             5425.077406832325             
01 Jan 2024 13:38:56.912   -4193.928408231388            -88.18986825986553            5505.106806695438             
01 Jan 2024 13:40:30.802   -4090.495686142069            -792.4184355260735            5526.849693176244             
01 Jan 2024 13:42:04.682   -3943.902439138086            -1488.20306060637             5490.097822459995             
01 Jan 2024 13:43:38.556   -3755.701306966811            -2168.244498780624            5395.257288110541             
01 Jan 2024 13:45:12.435   -3527.858800287388            -2825.440433576444            5243.32268432243              
01 Jan 2024 13:46:46.319   -3262.770270858022            -3452.853442700096            5035.889519117264             
01 Jan 2024 13:48:20.205   -2963.236602817502            -4043.830248519849            4775.150200707655             
01 Jan 2024 13:49:54.097   -2632.397982641604            -4592.148645663546            4463.839888088229             
01 Jan 2024 13:51:27.995   -2273.734128220596            -5092.006788870445            4105.234238767982             
01 Jan 2024 13:53:01.904   -1891.006356213992            -5538.122280439514            3703.095393742265             
01 Jan 2024 13:54:35.825   -1488.244251533909            -5925.753720375919            3261.659095640231             
01 Jan 2024 13:56:09.763   -1069.667919402853            -6250.789393334647            2785.552324506476             
01 Jan 2024 13:57:43.720   -639.68384640059              -6509.750572515329            2279.788345540209             
01 Jan 2024 13:59:17.703   -202.8160633092045            -6699.851835321588            1749.689654834036             
01 Jan 2024 14:00:51.711   236.3250259838132             -6819.022448950188            1200.851592382344             
01 Jan 2024 14:02:25.732   673.0147539629143             -6865.93440134003             639.1847860295071             
01 Jan 2024 14:03:59.737   1102.503229070225             -6840.083616743622            70.81618163278195             
01 Jan 2024 14:05:33.715   1520.193394312908             -6741.802410857144            -498.1418326631808            
01 Jan 2024 14:07:07.663   1921.663647207058             -6572.211082301907            -1061.632162180028            
01 Jan 2024 14:08:41.580   2302.682848315052             -6333.190362139502            -1613.679126715601            
01 Jan 2024 14:10:15.463   2659.245605022594             -6027.359829318209            -2148.43980997616             
01 Jan 2024 14:11:49.311   2987.619565639848             -5658.042940613306            -2660.274093592127            
01 Jan 2024 14:13:23.124   3284.379967406379             -5229.231009291751            -3143.798209263171            
01 Jan 2024 14:14:56.903   3546.455337504021             -4745.517822934621            -3593.959368341367            
01 Jan 2024 14:16:30.654   3771.150758098458             -4212.041136160497            -4006.079445885433            
01 Jan 2024 14:18:04.380   3956.163438134744             -3634.434659972101            -4375.886239693032            
01 Jan 2024 14:19:38.090   4099.601589255819             -3018.772129716333            -4699.550780605977            
01 Jan 2024 14:21:11.791   4200.004011652926             -2371.481457884765            -4973.732135070773            
01 Jan 2024 14:22:45.486   4256.340582178702             -1699.357901088533            -5195.575335861131            
01 Jan 2024 14:24:19.174   4268.03865150379              -1009.45932836715             -5362.769224074896            
01 Jan 2024 14:25:52.861   4234.987578792807             -308.9859185924184            -5473.579011242819            
01 Jan 2024 14:27:26.553   4157.531569413194             394.7633386660839             -5526.846558235921            
01 Jan 2024 14:29:00.256   4036.464886987745             1094.456666563224             -5521.998693698555            
01 Jan 2024 14:30:33.972   3873.034619761706             1782.759903435351             -5459.057572066139            
01 Jan 2024 14:32:07.705   3668.918345049635             2452.478299888395             -5338.64258031235             
01 Jan 2024 14:33:41.463   3426.208004769584             3096.603886039177             -5161.959576444948            
01 Jan 2024 14:35:15.250   3147.395372856145             3708.369066339737             -4930.79355435536             
01 Jan 2024 14:36:49.071   2835.350067124816             4281.317607143001             -4647.495321187289            
01 Jan 2024 14:38:22.930   2493.298376828113             4809.365614273321             -4314.967008135613            
01 Jan 2024 14:39:56.827   2124.794148329148             5286.870968912298             -3936.638989395211            
01 Jan 2024 14:41:30.760   1733.69062040103              5708.69376840529              -3516.446033663192            
01 Jan 2024 14:43:04.730   1324.096224952561             6070.267882165753             -3058.784835761683            
01 Jan 2024 14:44:38.729   900.3443212479165             6367.648650166228             -2568.484545066422            
01 Jan 2024 14:46:12.742   466.9810915013965             6597.556968737664             -2050.800275108775            
01 Jan 2024 14:47:46.762   28.63083334168001             6757.482599130566             -1511.25884226681             
01 Jan 2024 14:49:20.764   -409.9414324581253            6845.671704456552             -955.7377489773718            
01 Jan 2024 14:50:54.744   -844.0586075279701            6861.207601477101             -390.1828081012098            
01 Jan 2024 14:52:28.703   -1269.126750534133            6803.959396371802             179.3972078697852             
01 Jan 2024 14:54:02.646   -1680.665133758959            6674.56269238443              746.9745292025511             
01 Jan 2024 14:55:36.570   -2074.303549004512            6474.428964830191             1306.497171196749             
01 Jan 2024 14:57:10.476   -2445.886817462605            6205.718992616959             1852.032055879472             
01 Jan 2024 14:58:44.370   -2791.509825461833            5871.306598887559             2377.819177817385             
01 Jan 2024 15:00:18.259   -3107.551064091599            5474.739018304395             2878.324523115998             
01 Jan 2024 15:01:52.146   -3390.690216659467            5020.2176281157               3348.267631744975             
01 Jan 2024 15:03:26.033   -3637.944942302029            4512.56436747666              3782.677422089526             
01 Jan 2024 15:04:59.911   -3846.692359137396            3957.224433414295             4176.920067425483             
01 Jan 2024 15:06:33.786   -4014.759412413609            3360.061186371498             4526.862273789343             
01 Jan 2024 15:08:07.666   -4140.397717911998            2727.347890805441             4828.840305980028             
01 Jan 2024 15:09:41.559   -4222.292178148142            2065.724100127732             5079.680946955732             
01 Jan 2024 15:11:15.452   -4259.572062036405            1382.272446582496             5276.699571465584             
01 Jan 2024 15:12:49.343   -4251.85710914218             684.2320367517841             5417.822903710065             
01 Jan 2024 15:14:23.238   -4199.237913272951            -21.06357415475951            5501.57682676198              
01 Jan 2024 15:15:57.130   -4102.281911178356            -726.1152030740028            5527.078899725549             
01 Jan 2024 15:17:31.011   -3962.037035708315            -1423.419173922407            5494.078113332374             
01 Jan 2024 15:19:04.887   -3779.989131668616            -2105.663442883133            5402.941498733241             
01 Jan 2024 15:20:38.765   -3558.047216209502            -2765.704707986054            5254.629795659745             
01 Jan 2024 15:22:12.650   -3298.537049773641            -3396.601144207804            5050.696050740695             
01 Jan 2024 15:23:46.536   -3004.20480615227             -3991.65140791402             4793.298796014907             
01 Jan 2024 15:25:20.428   -2678.135489120001            -4544.593251609116            4485.137875713054             
01 Jan 2024 15:26:54.328   -2323.753496764395            -5049.583491183217            4129.450695906618             
01 Jan 2024 15:28:28.237   -1944.786331932341            -5501.270941967582            3729.980213879025             
01 Jan 2024 15:30:02.159   -1545.207561542256            -5894.87444652087             3290.916773785402             
01 Jan 2024 15:31:36.095   -1129.2351889815              -6226.192352730154            2816.89778414971              
01 Jan 2024 15:33:10.047   -701.2400980776761            -6491.695789829792            2312.907521590389             
01 Jan 2024 15:34:44.023   -265.7133797154615            -6688.541741166144            1784.236820645038             
01 Jan 2024 15:36:18.027   172.7604676335555             -6814.591835993135            1236.451685991082             
01 Jan 2024 15:37:52.048   609.476555330073              -6868.440510644633            675.434420543802              
01 Jan 2024 15:39:26.053   1039.664661757057             -6849.500650994554            107.329515331447              
01 Jan 2024 15:41:00.030   1458.716193299997             -6758.031446411544            -461.7483194229552            
01 Jan 2024 15:42:33.975   1862.186721533482             -6595.086743599913            -1025.728956815927            
01 Jan 2024 15:44:07.885   2245.823480740846             -6362.484152989085            -1578.629901447656            
01 Jan 2024 15:45:41.762   2605.608947521172             -6062.769064833731            -2114.621499451621            
01 Jan 2024 15:47:15.607   2937.780809065559             -5699.193289102609            -2628.05803969613             
01 Jan 2024 15:48:49.418   3238.874512102882             -5275.679961235787            -3113.541395015618            
01 Jan 2024 15:50:23.196   3505.763122238654             -4796.775959693969            -3565.983793469198            
01 Jan 2024 15:51:56.944   3735.696959938976             -4267.578501174658            -3980.675795359326            
01 Jan 2024 15:53:30.668   3926.320787239525             -3693.676312667655            -4353.321677612369            
01 Jan 2024 15:55:04.374   4075.686911380591             -3081.098736789184            -4680.067737985515            
01 Jan 2024 15:56:38.070   4182.270553663049             -2436.256359001952            -4957.535353845515            
01 Jan 2024 15:58:11.764   4244.982565436936             -1765.874716339232            -5182.852007518685            
01 Jan 2024 15:59:45.453   4263.177717825939             -1077.0087669687              -5353.65924877586             
01 Jan 2024 16:01:19.143   4236.674960777685             -376.8432017608372            -5468.182020552028            
01 Jan 2024 16:02:52.839   4165.748848752562             327.3137557241549             -5525.218828426248            
01 Jan 2024 16:04:26.546   4051.124937859136             1028.125972035525             -5524.15616255424             
01 Jan 2024 16:06:00.265   3893.984360331393             1718.238861629232             -5464.976562578633            
01 Jan 2024 16:07:34.002   3695.937274872935             2390.447148592425             -5348.259538130696            
01 Jan 2024 16:09:07.763   3459.011164116355             3037.717934441825             -5175.171094013759            
01 Jan 2024 16:10:41.554   3185.639995330655             3653.243139923243             -4947.460620306416            
01 Jan 2024 16:12:15.377   2878.639933078839             4230.522678684213             -4667.446642434113            
01 Jan 2024 16:13:49.237   2541.179730018629             4763.437909912912             -4337.99347646724             
01 Jan 2024 16:15:23.136   2176.765004602986             5246.295341862558             -3962.499740887535            
01 Jan 2024 16:16:57.072   1789.198884041033             5673.905926065031             -3544.863389845486            
01 Jan 2024 16:18:31.045   1382.552146942203             6041.639362891614             -3089.45385805429             
01 Jan 2024 16:20:05.043   961.1504626969497             6345.468269895455             -2601.10444751488             
01 Jan 2024 16:21:39.057   529.4877217676313             6582.067124281007             -2085.019339134278            
01 Jan 2024 16:23:13.078   92.17355959905488             6748.849901573907             -1546.712411622483            
01 Jan 2024 16:24:47.079   -346.0304663006872            6843.986026133795             -992.0577303301707            
01 Jan 2024 16:26:21.057   -780.4513232579825            6866.487498259483             -426.9922284190042            
01 Jan 2024 16:27:55.014   -1206.502482969468            6816.150228675683             142.4944422885787             
01 Jan 2024 16:29:28.957   -1619.69420844796             6693.533457387255             710.378121846226              
01 Jan 2024 16:31:02.882   -2015.637884506704            6499.972783544275             1270.603432462548             
01 Jan 2024 16:32:36.790   -2390.150241324391            6237.557652464823             1817.225607811268             
01 Jan 2024 16:34:10.688   -2739.298413718331            5909.088601615984             2344.478972294114             
01 Jan 2024 16:35:44.578   -3059.409222585658            5518.062566566799             2846.792550711029             
01 Jan 2024 16:37:18.465   -3347.119702761272            5068.626704833731             3318.8664048726               
01 Jan 2024 16:38:52.354   -3599.409352659304            4565.532703623906             3755.723865040881             
01 Jan 2024 16:40:26.236   -3813.598140039001            4014.176925678712             4152.700758519022             
01 Jan 2024 16:42:00.113   -3987.449458902215            3420.395706370719             4505.623820139416             
01 Jan 2024 16:43:33.994   -4119.155162407888            2790.429646911236             4810.798770777329             
01 Jan 2024 16:45:07.888   -4207.338514144591            2130.884875010288             5065.0225195347               
01 Jan 2024 16:46:41.781   -4251.061625071327            1448.826166417982             5265.573556226847             
01 Jan 2024 16:47:28.000   -4256.100014566198            1107.008536765233             5343.916057630771             
