Starlink_45.UTCGregorian   Starlink_45.EarthMJ2000Eq.X   Starlink_45.EarthMJ2000Eq.Y   Starlink_45.EarthMJ2000Eq.Z   
01 Jan 2024 11:59:28.000   -4756.336669734119            -4935.205867909683            959.8153601044357             
01 Jan 2024 12:00:28.000   -4512.16545125039             -5080.309110357444            1315.597211294398             
01 Jan 2024 12:01:57.255   -4113.116690659932            -5255.281071110368            1833.82091071947              
01 Jan 2024 12:03:30.632   -3653.530365982837            -5384.426923235712            2357.044091966568             
01 Jan 2024 12:05:04.463   -3153.145714256122            -5457.347661027106            2857.843414146154             
01 Jan 2024 12:06:38.337   -2619.141257336077            -5472.517255515561            3328.531471065906             
01 Jan 2024 12:08:12.213   -2057.393246029673            -5429.741776852665            3763.887491659736             
01 Jan 2024 12:09:46.094   -1473.835140530617            -5329.481825012131            4159.309230945289             
01 Jan 2024 12:11:19.980   -874.6392660182682            -5172.801941381254            4510.606889340732             
01 Jan 2024 12:12:53.869   -266.1674266927589            -4961.369613174944            4814.044446544874             
01 Jan 2024 12:14:27.759   345.1259212374232             -4697.433564827427            5066.400324100883             
01 Jan 2024 12:16:01.655   952.8092434733259             -4383.770874833051            5265.012246453124             
01 Jan 2024 12:17:35.562   1550.473151486604             -4023.678926952995            5407.768532178692             
01 Jan 2024 12:19:09.483   2131.813530823968             -3620.93439492189             5493.137311698531             
01 Jan 2024 12:20:43.421   2690.678808460812             -3179.76666426332             5520.179842373077             
01 Jan 2024 12:22:17.380   3221.152235314949             -2704.802294677912            5488.564141159312             
01 Jan 2024 12:23:51.365   3717.60592016386              -2201.020588337479            5398.565808898087             
01 Jan 2024 12:25:25.373   4174.719212390193             -1673.74945421939             5251.079480154463             
01 Jan 2024 12:26:59.394   4587.541445436432             -1128.632355307255            5047.638599243552             
01 Jan 2024 12:28:33.401   4951.555234616329             -571.6003928983409            4790.440859324502             
01 Jan 2024 12:30:07.382   5262.847607449146             -8.651771365763565            4482.269271322459             
01 Jan 2024 12:31:41.333   5518.118394081229             554.210242529333              4126.435931982161             
01 Jan 2024 12:33:15.253   5714.674989224375             1110.999489033883             3726.754770826872             
01 Jan 2024 12:34:49.140   5850.450200049135             1655.786526016062             3287.516179159592             
01 Jan 2024 12:36:22.992   5924.033131875467             2182.78395192683              2813.426155568841             
01 Jan 2024 12:37:56.808   5934.679689614675             2686.407822980612             2309.552410369679             
01 Jan 2024 12:39:30.591   5882.316414487601             3161.331363009833             1781.272624011459             
01 Jan 2024 12:41:04.346   5767.533324427845             3602.558077302268             1234.193565411038             
01 Jan 2024 12:42:38.076   5591.576226651058             4005.441704412191             674.1238953135111             
01 Jan 2024 12:44:11.789   5356.323780739785             4365.756675976347             106.9825425144514             
01 Jan 2024 12:45:45.491   5064.273181157232             4679.717779362891             -461.2338505613722            
01 Jan 2024 12:47:19.185   4718.529800793315             4944.014150421457             -1024.494715484746            
01 Jan 2024 12:48:52.871   4322.778436724443             5155.858248594984             -1576.810261303048            
01 Jan 2024 12:50:26.554   3881.206164799326             5313.034543340751             -2112.347023285598            
01 Jan 2024 12:52:00.244   3398.46117875749              5413.901189096379             -2625.464895756685            
01 Jan 2024 12:53:33.946   2879.625874102524             5457.396748764405             -3110.747185725291            
01 Jan 2024 12:55:07.662   2330.199126120817             5443.058233909044             -3563.034380820219            
01 Jan 2024 12:56:41.396   1755.965493455267             5371.03216433381              -3977.546879584727            
01 Jan 2024 12:58:15.154   1162.972594031112             5242.064701242654             -4349.894427975376            
01 Jan 2024 12:59:48.943   557.466005574318              5057.494205195045             -4676.124100517014            
01 Jan 2024 13:01:22.765   -54.17075413730606            4819.238938124999             -4952.758985068977            
01 Jan 2024 13:02:56.624   -665.4725413442451            4529.783355843754             -5176.832253879797            
01 Jan 2024 13:04:30.518   -1269.945332897729            4192.165848974254             -5345.919654855699            
01 Jan 2024 13:06:04.450   -1861.177482295978            3809.928342293947             -5458.182763471497            
01 Jan 2024 13:07:38.416   -2432.868212715856            3387.102105451794             -5512.378824924708            
01 Jan 2024 13:09:12.413   -2978.907932045542            2928.163892867463             -5507.884315842519            
01 Jan 2024 13:10:46.426   -3493.397486365165            2438.0409991168               -5444.716515646671            
01 Jan 2024 13:12:20.445   -3970.804113455495            1921.992424616575             -5323.544726192725            
01 Jan 2024 13:13:54.447   -4405.960755741762            1385.620277231503             -5145.701289814182            
01 Jan 2024 13:15:28.425   -4794.235795330683            834.6817569529441             -4913.133785749996            
01 Jan 2024 13:17:02.380   -5131.553762004899            275.0171648478093             -4628.348993099081            
01 Jan 2024 13:18:36.321   -5414.38757241539             -287.4741747066919            -4294.38155566359             
01 Jan 2024 13:20:10.243   -5639.751316756264            -846.8088429545494            -3914.813266587092            
01 Jan 2024 13:21:44.147   -5805.281223981482            -1397.061810993373            -3493.696174461322            
01 Jan 2024 13:23:18.041   -5909.25179954631             -1932.44247555134             -3035.488425146879            
01 Jan 2024 13:24:51.928   -5950.572557145049            -2447.300562883432            -2545.045193104502            
01 Jan 2024 13:26:25.816   -5928.805571594125            -2936.214767629852            -2027.542821614563            
01 Jan 2024 13:27:59.702   -5844.175893134841            -3393.987987566079            -1488.492217821204            
01 Jan 2024 13:29:33.580   -5697.590122219137            -3815.740160481627            -933.659526303877             
01 Jan 2024 13:31:07.456   -5490.603822681383            -4197.024147984044            -368.9198571608463            
01 Jan 2024 13:32:41.337   -5225.389374932285            -4533.833178502549            199.7779184294147             
01 Jan 2024 13:34:15.232   -4904.721726980129            -4822.612825458525            766.4358169420354             
01 Jan 2024 13:35:49.125   -4532.054580016216            -5060.246359015207            1324.927556863481             
01 Jan 2024 13:37:23.016   -4111.344826089022            -5244.229678193954            1869.326337177745             
01 Jan 2024 13:38:56.912   -3647.033755990046            -5372.631909466036            2393.880865709576             
01 Jan 2024 13:40:30.802   -3144.102552826548            -5444.092750659055            2892.965959707292             
01 Jan 2024 13:42:04.682   -2607.925487589418            -5457.88093257186             3361.266973434036             
01 Jan 2024 13:43:38.556   -2044.165892204898            -5413.881353285196            3793.855080770389             
01 Jan 2024 13:45:12.435   -1458.737837867175            -5312.570498333356            4186.194888629448             
01 Jan 2024 13:46:46.319   -857.836235056136             -5155.024669242723            4534.127604881001             
01 Jan 2024 13:48:20.205   -247.8450854432439            -4942.922749475987            4833.951827065825             
01 Jan 2024 13:49:54.097   364.807798481412              -4678.502027236313            5082.50164889917              
01 Jan 2024 13:51:27.995   973.6445759875627             -4364.553566369638            5277.136842149247             
01 Jan 2024 13:53:01.904   1572.246040365738             -4004.375305874808            5415.787093670385             
01 Jan 2024 13:54:35.825   2154.274959854731             -3601.760260308233            5496.959835018352             
01 Jan 2024 13:56:09.763   2713.595022373767             -3160.92241977605             5519.765296746873             
01 Jan 2024 13:57:43.720   3244.274581828044             -2686.492707110158            5483.915607221017             
01 Jan 2024 13:59:17.703   3740.68072990563              -2183.449397104846            5389.73332717163              
01 Jan 2024 14:00:51.711   4197.51752680723              -1657.08598144338             5238.150951694714             
01 Jan 2024 14:02:25.732   4609.816501516462             -1113.056764499562            5030.74948209442              
01 Jan 2024 14:03:59.737   4973.062069692308             -557.2886727111444            4769.774357185013             
01 Jan 2024 14:05:33.715   5283.355944532551             4.240441339931731             4458.047747431498             
01 Jan 2024 14:07:07.663   5537.409794553136             565.5428766640862             4098.920127730631             
01 Jan 2024 14:08:41.580   5732.544351280184             1120.647003684226             3696.242797704545             
01 Jan 2024 14:10:15.463   5866.710736846475             1663.648121431264             3254.333677781239             
01 Jan 2024 14:11:49.311   5938.515181459834             2188.779398763872             2777.925399194844             
01 Jan 2024 14:13:23.124   5947.232313781608             2690.467802208456             2272.119052417088             
01 Jan 2024 14:14:56.903   5892.811080001149             3163.413587331827             1742.30757241719              
01 Jan 2024 14:16:30.654   5775.864684738612             3602.639929282774             1194.116136478976             
01 Jan 2024 14:18:04.380   5597.659395295878             4003.530297173634             633.3541295281515             
01 Jan 2024 14:19:38.090   5360.100764683696             4361.872633068304             65.95795952585203             
01 Jan 2024 14:21:11.791   5065.701736591018             4673.912952901061             -502.0910847737566            
01 Jan 2024 14:22:45.486   4717.591298289502             4936.356153309412             -1064.760696194583            
01 Jan 2024 14:24:19.174   4319.475025771799             5146.432905856744             -1616.069688829786            
01 Jan 2024 14:25:52.861   3875.565862979216             5301.942065196208             -2150.190224466077            
01 Jan 2024 14:27:26.553   3390.548990377403             5401.255318130274             -2661.482581386093            
01 Jan 2024 14:29:00.256   2869.534644210059             5443.330143768007             -3144.548591411854            
01 Jan 2024 14:30:33.972   2318.038128974662             5427.721288838769             -3594.260579878234            
01 Jan 2024 14:32:07.705   1741.871503110308             5354.590366359915             -4005.862956417524            
01 Jan 2024 14:33:41.463   1147.096774546515             5224.695814446013             -4375.001724008426            
01 Jan 2024 14:35:15.250   539.9772174306654             5039.385926875295             -4697.758697909338            
01 Jan 2024 14:36:49.071   -73.08748791333895            4800.586727110232             -4970.694077634289            
01 Jan 2024 14:38:22.930   -685.618571524016             4510.787851185572             -5190.880583595458            
01 Jan 2024 14:39:56.827   -1291.12642033059             4173.020701610511             -5355.938874617718            
01 Jan 2024 14:41:30.760   -1883.171547020546            3790.835640880724             -5464.06580570619             
01 Jan 2024 14:43:04.730   -2455.445076113835            3368.262383536789             -5514.061909390615            
01 Jan 2024 14:44:38.729   -3001.821912042795            2909.782334626916             -5505.348019612727            
01 Jan 2024 14:46:12.742   -3516.395152416954            2420.324028153058             -5437.989709950443            
01 Jan 2024 14:47:46.762   -3993.652091806089            1905.119433445206             -5312.698590196991            
01 Jan 2024 14:49:20.764   -4428.409112437747            1369.780965573402             -5130.856257244362            
01 Jan 2024 14:50:54.744   -4816.056032183169            820.0333753511629             -4894.445620659505            
01 Jan 2024 14:52:28.703   -5152.518811381308            261.7075792352323             -4606.012951590054            
01 Jan 2024 14:54:02.646   -5434.272381742785            -299.3007473384509            -4268.636097640639            
01 Jan 2024 14:55:36.570   -5658.342820920405            -857.0228090405823            -3885.934703904612            
01 Jan 2024 14:57:10.476   -5822.382511777373            -1405.55531611325             -3461.991299622754            
01 Jan 2024 14:58:44.370   -5924.679880706835            -1939.113583587227            -3001.30482304019             
01 Jan 2024 15:00:18.259   -5964.166611732112            -2452.084288045293            -2508.742347233664            
01 Jan 2024 15:01:52.146   -5940.42367581148             -2939.052970150059            -1989.51567700548             
01 Jan 2024 15:03:26.033   -5853.695948644355            -3394.860750519097            -1449.135220840459            
01 Jan 2024 15:04:59.911   -5704.915202311748            -3814.632202523682            -893.4004647414318            
01 Jan 2024 15:06:33.786   -5495.659206626653            -4193.949080825933            -328.18704895624              
01 Jan 2024 15:08:07.666   -5228.126848410108            -4528.82255193623             240.5460788554066             
01 Jan 2024 15:09:41.559   -4905.121036904509            -4815.718428239685            806.797280761656              
01 Jan 2024 15:11:15.452   -4530.104835106577            -5051.552300309123            1364.470308869631             
01 Jan 2024 15:12:49.343   -4107.070702474144            -5233.829206605251            1907.628017478263             
01 Jan 2024 15:14:23.238   -3640.485498075162            -5360.636899245636            2430.532105481119             
01 Jan 2024 15:15:57.130   -3135.336687470025            -5430.634569985946            2927.592975915596             
01 Jan 2024 15:17:31.011   -2597.037522566102            -5443.101859756869            3393.500166525825             
01 Jan 2024 15:19:04.887   -2031.270775054968            -5397.93766763694             3823.352964775801             
01 Jan 2024 15:20:38.765   -1443.987452987382            -5295.63374653513             4212.634650858973             
01 Jan 2024 15:22:12.650   -841.3798411698338            -5137.273830340145            4557.234539515087             
01 Jan 2024 15:23:46.536   -229.8600230200613            -4924.547158708813            4853.480178776042             
01 Jan 2024 15:25:20.428   384.130555011365              -4659.696834593112            5098.244814025834             
01 Jan 2024 15:26:54.328   994.108803619652              -4345.513279757382            5288.930504576592             
01 Jan 2024 15:28:28.237   1593.62464500325              -3985.306487947577            5423.502613542786             
01 Jan 2024 15:30:02.159   2176.356171070609             -3582.853671254934            5500.516243855242             
01 Jan 2024 15:31:36.095   2736.115182382195             -3142.399498440432            5519.121238791208             
01 Jan 2024 15:33:10.047   3266.980737911197             -2668.565095709077            5479.081160386182             
01 Jan 2024 15:34:44.023   3763.333506593999             -2166.310894179305            5380.76405230402              
01 Jan 2024 15:36:18.027   4219.888615078066             -1640.909075378397            5225.14176923281              
01 Jan 2024 15:37:52.048   4631.687790327441             -1097.987633761915            5013.828610482384             
01 Jan 2024 15:39:26.053   4994.19792064707              -543.4855739595951            4749.118171285737             
01 Jan 2024 15:41:00.030   5303.525303958429             16.62731336491763             4433.875576044279             
01 Jan 2024 15:42:33.975   5556.38813318465              576.3661913119462             4071.497969617044             
01 Jan 2024 15:44:07.885   5750.123990055899             1129.773669128312             3665.876958137926             
01 Jan 2024 15:45:41.762   5882.709061800339             1670.98496700571              3221.347591762513             
01 Jan 2024 15:47:15.607   5952.76626496567              2194.259815308325             2742.662168686194             
01 Jan 2024 15:48:49.418   5959.585164491162             2694.04787947189              2234.939490018709             
01 Jan 2024 15:50:23.196   5903.132153241301             3165.055056755096             1703.605004165852             
01 Jan 2024 15:51:56.944   5784.044645086071             3602.317269244101             1154.309793158803             
01 Jan 2024 15:53:30.668   5603.613950514765             4001.242157512074             592.8730154864232             
01 Jan 2024 15:55:04.374   5363.768558314487             4357.643711799652             25.23194231486538             
01 Jan 2024 15:56:38.070   5067.053234019922             4667.782118326688             -542.616881203499             
01 Jan 2024 15:58:11.764   4716.600441731089             4928.401794941054             -1104.681061783035            
01 Jan 2024 15:59:45.453   4316.145478394679             5136.741505761046             -1654.970393392291            
01 Jan 2024 16:01:19.143   3869.921409638329             5290.616568321587             -2187.669893552818            
01 Jan 2024 16:02:52.839   3382.644735274303             5388.41103008323              -2697.144127307216            
01 Jan 2024 16:04:26.546   2859.449660653802             5429.097833734249             -3178.013423719259            
01 Jan 2024 16:06:00.265   2305.881868579484             5412.246511502716             -3625.167326389114            
01 Jan 2024 16:07:34.002   1727.76934203589              5338.032255198287             -4033.882611001125            
01 Jan 2024 16:09:07.763   1131.193691868572             5207.224312092601             -4399.835678379358            
01 Jan 2024 16:10:41.554   522.4449003456957             5021.182647639078             -4719.137347749539            
01 Jan 2024 16:12:15.377   -92.05346441489482            4781.845098560196             -4988.382619288553            
01 Jan 2024 16:13:49.237   -705.8168172669409            4491.704913897829             -5204.688656640731            
01 Jan 2024 16:15:23.136   -1312.341074208647            4153.798255918602             -5365.716941045193            
01 Jan 2024 16:16:57.072   -1905.185009492976            3771.671291892952             -5469.708653597282            
01 Jan 2024 16:18:31.045   -2478.028212616779            3349.353406929953             -5515.505851789341            
01 Jan 2024 16:20:05.043   -3024.707261071444            2891.350359501394             -5502.574870968945            
01 Jan 2024 16:21:39.057   -3539.347936063328            2402.558385210631             -5431.028872103702            
01 Jan 2024 16:23:13.078   -4016.430319938938            1888.206747460374             -5301.623311816847            
01 Jan 2024 16:24:47.079   -4450.764354764317            1353.908638732035             -5115.787829168131            
01 Jan 2024 16:26:21.057   -4837.746452522953            805.3784734188312             -4875.550328399684            
01 Jan 2024 16:27:55.014   -5173.31963121284             248.4209367525154             -4583.492118428786            
01 Jan 2024 16:29:28.957   -5453.968011368713            -311.0853572939818            -4242.72630806627             
01 Jan 2024 16:31:02.882   -5676.72739699151             -867.1877416063675            -3856.906623904611            
01 Jan 2024 16:32:36.790   -5839.261000316926            -1413.996389796083            -3430.149733320917            
01 Jan 2024 16:34:10.688   -5939.872899398169            -1945.751433590175            -2966.977162182737            
01 Jan 2024 16:35:44.578   -5977.508548457561            -2456.837648697557            -2472.300322259376            
01 Jan 2024 16:37:18.465   -5951.772217154521            -2941.860731497917            -1951.356292685013            
01 Jan 2024 16:38:52.354   -5862.929382959474            -3395.700836574586            -1409.654382553656            
01 Jan 2024 16:40:26.236   -5711.931979949669            -3813.500593994317            -853.0092810168164            
01 Jan 2024 16:42:00.113   -5500.384923854133            -4190.851787871556            -287.3204545928777            
01 Jan 2024 16:43:33.994   -5230.513521439128            -4523.787568523294            281.4474806225518             
01 Jan 2024 16:45:07.888   -4905.143865386416            -4808.798482328385            847.2980269138044             
01 Jan 2024 16:46:41.781   -4527.766623885258            -5042.819727055179            1404.136644512593             
01 Jan 2024 16:47:28.000   -4324.105206960645            -5138.512954637155            1673.118601388532             
