Starlink_46.UTCGregorian   Starlink_46.EarthMJ2000Eq.X   Starlink_46.EarthMJ2000Eq.Y   Starlink_46.EarthMJ2000Eq.Z   
01 Jan 2024 11:59:28.000   -4893.886032592091            -4893.88603259209             0                             
01 Jan 2024 12:00:28.000   -4689.65496892608             -5076.912579151345            363.3872220885414             
01 Jan 2024 12:01:57.255   -4348.537739790201            -5308.266154882191            900.5616976099245             
01 Jan 2024 12:03:30.632   -3947.119389802127            -5495.825031664521            1453.19884701109              
01 Jan 2024 12:05:04.463   -3502.063525724399            -5626.235721872789            1993.115721654781             
01 Jan 2024 12:06:38.337   -3019.696158970287            -5697.096437054331            2512.107512692028             
01 Jan 2024 12:08:12.213   -2505.322112520527            -5707.591612155101            3004.417325214041             
01 Jan 2024 12:09:46.094   -1964.377344671314            -5657.615363280835            3464.832662413692             
01 Jan 2024 12:11:19.980   -1402.587346177841            -5547.698159961185            3888.468299194025             
01 Jan 2024 12:12:53.869   -825.9217964295149            -5379.010895110309            4270.812923411977             
01 Jan 2024 12:14:27.759   -240.5036723992643            -5153.351008531041            4607.801612410255             
01 Jan 2024 12:16:01.655   347.5023555338382             -4873.096345761192            4895.877379769214             
01 Jan 2024 12:17:35.562   931.8907224947251             -4541.195929888171            5131.983452472283             
01 Jan 2024 12:19:09.483   1506.49567301347              -4161.13320441128             5313.604589013038             
01 Jan 2024 12:20:43.421   2065.237642459475             -3736.901303422334            5438.787478400322             
01 Jan 2024 12:22:17.380   2602.204666547588             -3272.950281924378            5506.167596617129             
01 Jan 2024 12:23:51.365   3111.706710289536             -2774.14361365108             5514.979337787759             
01 Jan 2024 12:25:25.373   3588.292762589334             -2245.755070536231            5465.069164259467             
01 Jan 2024 12:26:59.394   4026.811408660716             -1693.438685804657            5356.924197184699             
01 Jan 2024 12:28:33.401   4422.471163857535             -1123.204509232245            5191.705992887892             
01 Jan 2024 12:30:07.382   4771.02116127257              -541.1955124403506            4971.210127188459             
01 Jan 2024 12:31:41.333   5068.765559067353             46.37906927294729             4697.816891632629             
01 Jan 2024 12:33:15.253   5312.560904523097             633.2681750068073             4374.465686869222             
01 Jan 2024 12:34:49.140   5499.836544460023             1213.219917436342             4004.635426879779             
01 Jan 2024 12:36:22.992   5628.632347901234             1780.071011596588             3592.295597142837             
01 Jan 2024 12:37:56.808   5697.615276366434             2327.812198363032             3141.860024607022             
01 Jan 2024 12:39:30.591   5706.089171250289             2850.645983487457             2658.141489931931             
01 Jan 2024 12:41:04.346   5653.997029087557             3343.066725105973             2146.278261401479             
01 Jan 2024 12:42:38.076   5541.916692515199             3799.882974720643             1611.708744527444             
01 Jan 2024 12:44:11.789   5371.0487903433               4216.296558569972             1060.085499552662             
01 Jan 2024 12:45:45.491   5143.2065888607               4587.925600220214             497.2437548166814             
01 Jan 2024 12:47:19.185   4860.811151973981             4910.842919305295             -70.83958088182735            
01 Jan 2024 12:48:52.871   4526.871555299012             5181.632749485748             -638.118142540813             
01 Jan 2024 12:50:26.554   4144.92109437657              5397.452113542251             -1198.593908080407            
01 Jan 2024 12:52:00.244   3718.980451649441             5556.037367497987             -1746.358173830176            
01 Jan 2024 12:53:33.946   3253.534216971601             5655.714791499801             -2275.623831333945            
01 Jan 2024 12:55:07.662   2753.516906967732             5695.422518824571             -2780.759424802681            
01 Jan 2024 12:56:41.396   2224.195428968797             5674.736124204064             -3256.423522106561            
01 Jan 2024 12:58:15.154   1671.147033663742             5593.860344597699             -3697.577852171764            
01 Jan 2024 12:59:48.943   1100.198911652832             5453.627542588621             -4099.542650712753            
01 Jan 2024 13:01:22.765   517.3717530628011             5255.490180846155             -4458.042636167197            
01 Jan 2024 13:02:56.624   -71.17351699748039            5001.511215178886             -4769.248031084118            
01 Jan 2024 13:04:30.518   -659.185561832881             4694.355561711492             -5029.813353904719            
01 Jan 2024 13:06:04.450   -1240.4299278872              4337.245773737308             -5236.936213159867            
01 Jan 2024 13:07:38.416   -1808.716874542878            3933.948804332378             -5388.371029922539            
01 Jan 2024 13:09:12.413   -2357.979533425716            3488.735644575981             -5482.464244152052            
01 Jan 2024 13:10:46.426   -2882.290741401006            3006.388180037177             -5518.176633981056            
01 Jan 2024 13:12:20.445   -3376.018245870062            2492.084895434069             -5495.120821696091            
01 Jan 2024 13:13:54.447   -3833.822332411461            1951.412903157223             -5413.57042244347             
01 Jan 2024 13:15:28.425   -4250.831345301208            1390.180007042147             -5274.447016789208            
01 Jan 2024 13:17:02.380   -4622.668301996348            814.3384226446497             -5079.273047094463            
01 Jan 2024 13:18:36.321   -4945.446016770234            229.9580273567762             -4830.141929742786            
01 Jan 2024 13:20:10.243   -5215.756947801113            -356.7466319710377            -4529.733900806848            
01 Jan 2024 13:21:44.147   -5430.762832804132            -939.5628839356746            -4181.261513756393            
01 Jan 2024 13:23:18.041   -5588.217851608131            -1512.360516112134            -3788.415123072716            
01 Jan 2024 13:24:51.928   -5686.466096802184            -2069.097890171674            -3355.354533295454            
01 Jan 2024 13:26:25.816   -5724.467889346151            -2603.916140880051            -2886.64454432001             
01 Jan 2024 13:27:59.702   -5701.808808161837            -3111.132438168207            -2387.269474624271            
01 Jan 2024 13:29:33.580   -5618.727847930827            -3585.338909187682            -1862.565916453838            
01 Jan 2024 13:31:07.456   -5476.102097327487            -4021.532004156689            -1318.086135169396            
01 Jan 2024 13:32:41.337   -5275.419131653164            -4415.12388819688             -759.5612129963735            
01 Jan 2024 13:34:15.232   -5018.766231698664            -4761.957176600934            -192.8767575484992            
01 Jan 2024 13:35:49.125   -4708.898474010851            -5058.281762500395            375.8420183539435             
01 Jan 2024 13:37:23.016   -4349.10088615736             -5300.963629865745            940.5562648271214             
01 Jan 2024 13:38:56.912   -3943.167298630923            -5487.444489501343            1495.295517444399             
01 Jan 2024 13:40:30.802   -3495.450761053943            -5615.734033576217            2034.103690073832             
01 Jan 2024 13:42:04.682   -3010.737519632539            -5684.489051824117            2551.231666894958             
01 Jan 2024 13:43:38.556   -2494.151136802746            -5693.010429822316            3041.22426095477              
01 Jan 2024 13:45:12.435   -1951.11462828748             -5641.220650505349            3498.934607441948             
01 Jan 2024 13:46:46.319   -1387.378391040857            -5529.670035682108            3919.50429132213              
01 Jan 2024 13:48:20.205   -808.9368325554477            -5359.549058365599            4298.453032985921             
01 Jan 2024 13:49:54.097   -221.8908013452396            -5132.654652972104            4631.775466819216             
01 Jan 2024 13:51:27.995   367.5478980353666             -4851.384290525848            4915.931561805476             
01 Jan 2024 13:53:01.904   953.1611729815971             -4518.695337713409            5147.906079301085             
01 Jan 2024 13:54:35.825   1528.747684010193             -4138.094032814825            5325.21983065183              
01 Jan 2024 13:56:09.763   2088.239864318811             -3713.566066403583            5445.973398946936             
01 Jan 2024 13:57:43.720   2625.708011175261             -3249.571988603802            5508.846731831061             
01 Jan 2024 13:59:17.703   3135.453907587678             -2750.980260397849            5513.123299223726             
01 Jan 2024 14:00:51.711   3612.049204010814             -2223.035614215991            5458.69604927181              
01 Jan 2024 14:02:25.732   4050.321178129439             -1671.407460793819            5346.099912646215             
01 Jan 2024 14:03:59.737   4445.476567913371             -1102.106116522286            5176.548140625719             
01 Jan 2024 14:05:33.715   4793.27645161283              -521.2576174906246            4951.882509679206             
01 Jan 2024 14:07:07.663   5090.033952638913             64.94164369890218             4674.528173241276             
01 Jan 2024 14:08:41.580   5332.616023816305             650.2529924223695             4347.468636272115             
01 Jan 2024 14:10:15.463   5518.468397162488             1228.448403048627             3974.21881060175              
01 Jan 2024 14:11:49.311   5645.646086726502             1793.384915794607             3558.782903872966             
01 Jan 2024 14:13:23.124   5712.831891069231             2339.063827066666             3105.615477779777             
01 Jan 2024 14:14:56.903   5719.351151899172             2859.716325652866             2619.55398864068              
01 Jan 2024 14:16:30.654   5665.168652382332             3349.858276492049             2105.763818864639             
01 Jan 2024 14:18:04.380   5550.883183065649             3804.331890160649             1569.693515184471             
01 Jan 2024 14:19:38.090   5377.720688760176             4218.355211575222             1017.021299902393             
01 Jan 2024 14:21:11.791   5147.512169337603             4587.583834217839             453.5758124643909             
01 Jan 2024 14:22:45.486   4862.702154290321             4908.111216935198             -114.656641813773             
01 Jan 2024 14:24:19.174   4526.321319189735             5176.54591417849              -681.6309607680046            
01 Jan 2024 14:25:52.861   4141.929119038536             5390.065175940333             -1241.34769065438             
01 Jan 2024 14:27:26.553   3713.582758988382             5546.424058393984             -1787.890874093327            
01 Jan 2024 14:29:00.256   3245.796057173965             5643.97477074089              -2315.484975679865            
01 Jan 2024 14:30:33.972   2743.522632640705             5681.68163737023              -2818.525015544411            
01 Jan 2024 14:32:07.705   2212.058549763361             5659.142661843363             -3291.6878867932              
01 Jan 2024 14:33:41.463   1656.99829715095              5576.583427350081             -3729.967846184965            
01 Jan 2024 14:35:15.250   1084.189305237865             5434.854353010533             -4128.716520602893            
01 Jan 2024 14:36:49.071   499.6711011423667             5235.423750804382             -4483.693211882164            
01 Jan 2024 14:38:22.930   -90.3789471379738             4980.367790335828             -4791.106121327075            
01 Jan 2024 14:39:56.827   -679.7106813496366            4672.352977861253             -5047.656505076659            
01 Jan 2024 14:41:30.760   -1262.059622368837            4314.616760731542             -5250.574904415482            
01 Jan 2024 14:43:04.730   -1831.224995586678            3910.931704741574             -5397.659979911421            
01 Jan 2024 14:44:38.729   -2381.121384239312            3465.579982948347             -5487.302544013778            
01 Jan 2024 14:46:12.742   -2905.810447213512            2983.351228203983             -5518.51315525377             
01 Jan 2024 14:47:46.762   -3399.677340703116            2469.402957062839             -5490.954079473311            
01 Jan 2024 14:49:20.764   -3857.362126589157            1929.33769709211              -5404.948593929043            
01 Jan 2024 14:50:54.744   -4274.012572751903            1368.935013337549             -5261.462224873569            
01 Jan 2024 14:52:28.703   -4645.250396573664            794.1411882156054             -5062.061482082745            
01 Jan 2024 14:54:02.646   -4967.18712090854             211.0256626473866             -4808.887227355039            
01 Jan 2024 14:55:36.570   -5236.424407303331            -374.2092181406686            -4504.664095255976            
01 Jan 2024 14:57:10.476   -5450.138064174334            -955.371197124406             -4152.642955428768            
01 Jan 2024 14:58:44.370   -5606.092738061637            -1526.334349880519            -3756.561069865605            
01 Jan 2024 15:00:18.259   -5702.654453642152            -2081.095194485537            -3320.600350367798            
01 Jan 2024 15:01:52.146   -5738.799289271709            -2613.801461342357            -2849.367908144668            
01 Jan 2024 15:03:26.033   -5714.133509081734            -3118.811929141731            -2347.85778822111             
01 Jan 2024 15:04:59.911   -5628.918074542986            -3590.724166405207            -1821.447157946449            
01 Jan 2024 15:06:33.786   -5484.052661571293            -4024.567639076608            -1275.698122541913            
01 Jan 2024 15:08:07.666   -5281.050457009689            -4415.775982354969            -716.3602500713773            
01 Jan 2024 15:09:41.559   -5022.026360567113            -4760.216425099004            -149.3313894722053            
01 Jan 2024 15:11:15.452   -4709.748062424021            -5054.179365360675            419.2853622910578             
01 Jan 2024 15:12:49.343   -4347.534657460727            -5294.544016002336            983.4331857505823             
01 Jan 2024 15:14:23.238   -3939.206505965596            -5478.777182021136            1537.147282759544             
01 Jan 2024 15:15:57.130   -3489.12622506864             -5604.917125112783            2074.50187235992              
01 Jan 2024 15:17:31.011   -3002.118682220178            -5671.637011482022            2589.744965890286             
01 Jan 2024 15:19:04.887   -2483.329053084001            -5678.259641387733            3077.444393985645             
01 Jan 2024 15:20:38.765   -1938.218325166429            -5624.729262882878            3532.465535104454             
01 Jan 2024 15:22:12.650   -1372.538368974073            -5511.613570782532            3949.996625810144             
01 Jan 2024 15:23:46.536   -792.313563935295             -5340.120668183076            4325.58218120857              
01 Jan 2024 15:25:20.428   -203.6612710365137            -5112.061485844354            4655.254155546892             
01 Jan 2024 15:26:54.328   387.1983953342741             -4829.841166667259            4935.51491416846              
01 Jan 2024 15:28:28.237   974.0141740241858             -4496.435776299608            5163.381764301213             
01 Jan 2024 15:30:02.159   1550.596706323211             -4115.344116250348            5336.427706117453             
01 Jan 2024 15:31:36.095   2110.823887823372             -3690.587956586303            5452.786765994497             
01 Jan 2024 15:33:10.047   2648.773061728873             -3226.625470370852            5511.194552666515             
01 Jan 2024 15:34:44.023   3158.756629722726             -2728.313618409462            5510.985646270376             
01 Jan 2024 15:36:18.027   3635.354999599077             -2200.880938465705            5452.098372281655             
01 Jan 2024 15:37:52.048   4073.403964181033             -1649.97446852068             5335.107706440083             
01 Jan 2024 15:39:26.053   4468.08907505042              -1081.620470030494            5161.275535672457             
01 Jan 2024 15:41:00.030   4815.172815623559             -501.9402509623195            4932.491369711232             
01 Jan 2024 15:42:33.975   5110.971005869957             82.86952358150134             4651.231615626107             
01 Jan 2024 15:44:07.885   5352.364182159777             666.5820991421457             4320.526975127976             
01 Jan 2024 15:45:41.762   5536.822379711311             1243.009357062098             3943.919956405828             
01 Jan 2024 15:47:15.607   5662.416020253176             1806.035356985246             3525.442895768609             
01 Jan 2024 15:48:49.418   5727.84161656781              2349.685240600479             3069.576093672064             
01 Jan 2024 15:50:23.196   5732.438895912176             2868.196091453653             2581.196102335801             
01 Jan 2024 15:51:56.944   5676.194456983501             3356.09761904081              2065.502167021693             
01 Jan 2024 15:53:30.668   5559.731486404262             3808.25911667123              1527.96177024573              
01 Jan 2024 15:55:04.374   5384.299110937294             4219.928829566672             974.2630385944084             
01 Jan 2024 15:56:38.070   5151.758636605688             4586.779560222197             410.2583289023012             
01 Jan 2024 15:58:11.764   4864.562624879276             4904.953192481467             -158.0978015113529            
01 Jan 2024 15:59:45.453   4525.770307177962             5171.070642621782             -724.7441233856745            
01 Jan 2024 16:01:19.143   4138.96236855244              5382.332182651212             -1283.687350753478            
01 Jan 2024 16:02:52.839   3708.227287812063             5536.510854994362             -1829.008876606485            
01 Jan 2024 16:04:26.546   3238.104195390231             5631.981387143205             -2354.94550128058             
01 Jan 2024 16:06:00.265   2733.57809840838              5667.729639723218             -2855.903170304011            
01 Jan 2024 16:07:34.002   2199.963488846093             5643.375461013932             -3326.586761059231            
01 Jan 2024 16:09:07.763   1642.87658376373              5559.163043502057             -3762.016903857196            
01 Jan 2024 16:10:41.554   1068.19337160762              5415.961736224103             -4157.569869685742            
01 Jan 2024 16:12:15.377   481.979646776338              5215.259200708063             -4509.036078398958            
01 Jan 2024 16:13:49.237   -109.5781066645668            4959.143704352892             -4812.667458759494            
01 Jan 2024 16:15:23.136   -700.2124297331981            4650.29408178502              -5065.204874477554            
01 Jan 2024 16:16:57.072   -1283.654006970698            4291.951342849124             -5263.924519135557            
01 Jan 2024 16:18:31.045   -1853.687770395615            3887.894507203794             -5406.667006190786            
01 Jan 2024 16:20:05.043   -2404.186691750813            3442.436031033899             -5491.86444239249             
01 Jan 2024 16:21:39.057   -2929.24192391447             2960.3405687432               -5518.583619882845            
01 Jan 2024 16:23:13.078   -3423.228441064916            2446.768291102756             -5486.53284919953             
01 Jan 2024 16:24:47.079   -3880.776386024267            1907.327618930163             -5396.085719233836            
01 Jan 2024 16:26:21.057   -4297.036906652007            1347.792288447217             -5248.257587551737            
01 Jan 2024 16:27:55.014   -4667.64660370073             774.0856496055785             -5044.657642361121            
01 Jan 2024 16:29:28.957   -4988.723786124509            192.2626244057957             -4787.468151218241            
01 Jan 2024 16:31:02.882   -5256.87740410437             -391.4886850125437            -4479.454136307805            
01 Jan 2024 16:32:36.790   -5469.291451354864            -970.9881016477719            -4123.906883076768            
01 Jan 2024 16:34:10.688   -5623.744733570817            -1540.134509650086            -3724.594258033246            
01 Jan 2024 16:35:44.578   -5718.612846267235            -2092.921164497987            -3285.747722699128            
01 Jan 2024 16:37:18.465   -5752.893031799605            -2623.516465382386            -2812.00812353085             
01 Jan 2024 16:38:52.354   -5726.212891600143            -3126.321545534417            -2308.378605321075            
01 Jan 2024 16:40:26.236   -5638.852244960435            -3595.954446010017            -1780.259588330973            
01 Jan 2024 16:42:00.113   -5491.735478400763            -4027.45650432409             -1233.244760961013            
01 Jan 2024 16:43:33.994   -5286.401701135174            -4416.287122463461            -673.0981386480759            
01 Jan 2024 16:45:07.888   -5024.989569953809            -4758.343390049354            -105.721006374518             
01 Jan 2024 16:46:41.781   -4710.294388573189            -5049.940419601005            462.7769533999804             
01 Jan 2024 16:47:28.000   -4536.813984932474            -5173.981305999585            741.1852116368705             
