Starlink_58.UTCGregorian   Starlink_58.EarthMJ2000Eq.X   Starlink_58.EarthMJ2000Eq.Y   Starlink_58.EarthMJ2000Eq.Z   
01 Jan 2024 11:59:28.000   -2462.700773098946            6396.413086776487             -959.8153601044392            
01 Jan 2024 12:00:28.000   -2697.399918934981            6236.441959751062             -1315.597199602649            
01 Jan 2024 12:01:57.255   -3024.622224582409            5948.726726458781             -1833.820681523925            
01 Jan 2024 12:03:30.632   -3335.894824857162            5586.778655533335             -2357.0430765643              
01 Jan 2024 12:05:04.463   -3613.450965051658            5164.093261764407             -2857.840768959087            
01 Jan 2024 12:06:38.337   -3852.874095029673            4686.532142722347             -3328.526249512941            
01 Jan 2024 12:08:12.213   -4051.505484809487            4159.339576952541             -3763.878856632023            
01 Jan 2024 12:09:46.094   -4207.255563206097            3588.088162683991             -4159.296671234561            
01 Jan 2024 12:11:19.980   -4318.481229845989            2978.821969509298             -4510.590394870062            
01 Jan 2024 12:12:53.869   -4384.005732609212            2338.011291716697             -4814.024600377076            
01 Jan 2024 12:14:27.759   -4403.139816597302            1672.455708576795             -5066.378283473222            
01 Jan 2024 12:16:01.655   -4375.68255638516             989.1570433483137             -5264.989606822326            
01 Jan 2024 12:17:35.562   -4301.913681816432            295.3167744018753             -5407.7470921477              
01 Jan 2024 12:19:09.483   -4182.591527423251            -401.7564894774276            -5493.118776497318            
01 Jan 2024 12:20:43.421   -4018.94895691264             -1094.700920078115            -5520.165517894088            
01 Jan 2024 12:22:17.380   -3812.677880487076            -1776.199372289604            -5488.554674435081            
01 Jan 2024 12:23:51.365   -3565.911926320447            -2439.047037708708            -5398.561023128506            
01 Jan 2024 12:25:25.373   -3281.230573753347            -3076.169821696471            -5251.078334788316            
01 Jan 2024 12:26:59.394   -2961.655814940559            -3680.695215724365            -5047.639283426814            
01 Jan 2024 12:28:33.401   -2610.653676900896            -4246.021564263673            -4790.441002010674            
01 Jan 2024 12:30:07.382   -2232.006700888599            -4766.066511116515            -4482.266228447512            
01 Jan 2024 12:31:41.333   -1829.761242361859            -5235.300982102129            -4126.427095813027            
01 Jan 2024 12:33:15.253   -1408.205108671301            -5648.753946466329            -3726.737848278372            
01 Jan 2024 12:34:49.140   -971.8391219980825            -6002.045429518699            -3287.489395915738            
01 Jan 2024 12:36:22.992   -525.3127558594661            -6291.450603142709            -2813.388359575067            
01 Jan 2024 12:37:56.808   -73.37283388102949            -6513.935239031919            -2309.503071120563            
01 Jan 2024 12:39:30.591   379.1835778809689             -6667.181815622564            -1781.211745404507            
01 Jan 2024 12:41:04.346   827.5784795743201             -6749.613830379868            -1234.121545034279            
01 Jan 2024 12:42:38.076   1267.074256418434             -6760.397163136934            -674.0413719985952            
01 Jan 2024 12:44:11.789   1693.047193842977             -6699.448982302692            -106.8902690659096            
01 Jan 2024 12:45:45.491   2101.011300495689             -6567.433031838734            461.335080693939              
01 Jan 2024 12:47:19.185   2486.65344725191              -6365.764607029499            1024.604076324422             
01 Jan 2024 12:48:52.871   2845.889874295366             -6096.605226538531            1576.926843322062             
01 Jan 2024 12:50:26.554   3174.942908503976             -5762.813350457962            2112.46974366623              
01 Jan 2024 12:52:00.244   3470.359891212499             -5367.907854177672            2625.592397289308             
01 Jan 2024 12:53:33.946   3729.03068187085              -4916.046536551264            3110.877753913282             
01 Jan 2024 12:55:07.662   3948.211544391671             -4412.017718851276            3563.165902785475             
01 Jan 2024 12:56:41.396   4125.590490015006             -3861.126376575304            3977.676856637616             
01 Jan 2024 12:58:15.154   4259.287932070938             -3269.169436746694            4350.020038628477             
01 Jan 2024 12:59:48.943   4347.877470065092             -2642.373579178084            4676.242299644907             
01 Jan 2024 13:01:22.765   4390.400105984982             -1987.335580010046            4952.866616619962             
01 Jan 2024 13:02:56.624   4386.375599749934             -1310.965424082048            5176.926152992069             
01 Jan 2024 13:04:30.518   4335.813619325743             -620.4332816133959            5345.99672003354              
01 Jan 2024 13:06:04.450   4239.215044549107             76.95263641924124             5458.239987001236             
01 Jan 2024 13:07:38.416   4097.571124557349             773.7778820224107             5512.413285242679             
01 Jan 2024 13:09:12.413   3912.357655703276             1462.613061261624             5507.893143533452             
01 Jan 2024 13:10:46.426   3685.547706567931             2136.029104565368             5444.696856543324             
01 Jan 2024 13:12:20.445   3419.569835661353             2786.788792847721             5323.493717399443             
01 Jan 2024 13:13:54.447   3117.318162464396             3407.841297187838             5145.616075050044             
01 Jan 2024 13:15:28.425   2782.05371276294              3992.555470849882             4913.011568003553             
01 Jan 2024 13:17:02.380   2417.347937661687             4534.769066323884             4628.18712990647              
01 Jan 2024 13:18:36.321   2027.057613552771             5028.791921489901             4294.177689649573             
01 Jan 2024 13:20:10.243   1615.344501981193             5469.388883334714             3914.565478744796             
01 Jan 2024 13:21:44.147   1186.580394568873             5851.913447983444             3493.403128795889             
01 Jan 2024 13:23:18.041   745.2849805107741             6172.354550972716             3035.149492240005             
01 Jan 2024 13:24:51.928   296.1190753503075             6427.336117169907             2544.660548863038             
01 Jan 2024 13:26:25.816   -156.1883310174794            6614.170420702536             2027.113512877052             
01 Jan 2024 13:27:59.702   -606.8313781297122            6730.865498612201             1488.020208765473             
01 Jan 2024 13:29:33.580   -1051.003637269552            6776.18119516547              933.1477265764976             
01 Jan 2024 13:31:07.456   -1484.016907230614            6749.648574526387             368.3721383965064             
01 Jan 2024 13:32:41.337   -1901.321537420057            6651.543930499305             -200.3567025060433            
01 Jan 2024 13:34:15.232   -2298.523301786805            6482.880952799922             -767.0398098816077            
01 Jan 2024 13:35:49.125   -2671.337943182232            6245.473631929256             -1325.549888906593            
01 Jan 2024 13:37:23.016   -3015.823908484575            5941.851065772216             -1869.959160068025            
01 Jan 2024 13:38:56.912   -3328.354607958147            5575.223806767292             -2394.515433631649            
01 Jan 2024 13:40:30.802   -3605.592601796863            5149.533047113609             -2893.592780834731            
01 Jan 2024 13:42:04.682   -3844.604642332456            4669.342218364775             -3361.876043193396            
01 Jan 2024 13:43:38.556   -4042.893985851695            4139.737195925628             -3794.436183848103            
01 Jan 2024 13:45:12.435   -4198.39430850774             3566.28108243336              -4186.737950520745            
01 Jan 2024 13:46:46.319   -4309.464425362371            2955.044853093633             -4534.623068246819            
01 Jan 2024 13:48:20.205   -4374.929506955935            2312.525244201688             -4834.391006858947            
01 Jan 2024 13:49:54.097   -4394.102342742086            1645.494309327643             -5082.877015045627            
01 Jan 2024 13:51:27.995   -4366.776434162303            961.003046901931              -5277.442207500979            
01 Jan 2024 13:53:01.904   -4293.229311086465            266.2630924874722             -5416.017676903791            
01 Jan 2024 13:54:35.825   -4174.221633429926            -431.3793672282315            -5497.112206996898            
01 Jan 2024 13:56:09.763   -4010.980248756748            -1124.58260865297             -5519.837218301861            
01 Jan 2024 13:57:43.720   -3805.196114521692            -1806.014342794753            -5483.905810430556            
01 Jan 2024 13:59:17.703   -3559.001020676244            -2468.466240243557            -5389.641275776814            
01 Jan 2024 14:00:51.711   -3274.954690767208            -3104.902043129335            -5237.976637482784            
01 Jan 2024 14:02:25.732   -2956.082184988209            -3708.429621204452            -5030.493309673215            
01 Jan 2024 14:03:59.737   -2605.847052668407            -4272.45189303018             -4769.437121051412            
01 Jan 2024 14:05:33.715   -2228.019946011492            -4790.909547624985            -4457.630688738229            
01 Jan 2024 14:07:07.663   -1826.638337183422            -5258.291838355613            -4098.425080751491            
01 Jan 2024 14:08:41.580   -1405.982658666417            -5669.646850935512            -3695.672391144552            
01 Jan 2024 14:10:15.463   -970.5391906542386            -6020.62245154189             -3253.691541419767            
01 Jan 2024 14:11:49.311   -524.9461463958255            -6307.518770715479            -2777.216327541741            
01 Jan 2024 14:13:23.124   -73.94851820018923            -6527.323946279457            -2271.349091003668            
01 Jan 2024 14:14:56.903   377.671548124028              -6677.753084314955            -1741.48400372093             
01 Jan 2024 14:16:30.654   825.1440514845218             -6757.260070318721            -1193.247369047995            
01 Jan 2024 14:18:04.380   1263.749779367118             -6765.043131140331            -632.4495095804532            
01 Jan 2024 14:19:38.090   1688.866176157469             -6701.050907907875            -65.02753574510945            
01 Jan 2024 14:21:11.791   2096.029371943323             -6565.976083884356            503.0368053646496             
01 Jan 2024 14:22:45.486   2480.931210892116             -6361.263491185133            1065.710962396084             
01 Jan 2024 14:24:19.174   2839.496483992265             -6089.102558608314            1617.013667993852             
01 Jan 2024 14:25:52.861   3167.950545348269             -5752.382479259111            2151.117097169287             
01 Jan 2024 14:27:26.553   3462.838322161837             -5354.662374045664            2662.381571679538             
01 Jan 2024 14:29:00.256   3721.055971355593             -4900.134073681018            3145.408953060926             
01 Jan 2024 14:30:33.972   3939.86973206677              -4393.60893742072             3595.071570803725             
01 Jan 2024 14:32:07.705   4116.970414311016             -3840.423804255049            4006.61382645373              
01 Jan 2024 14:33:41.463   4250.484123767532             -3246.394383008685            4375.681746694049             
01 Jan 2024 14:35:15.250   4338.986572144013             -2617.768200728667            4698.357264175482             
01 Jan 2024 14:36:49.071   4381.519543546107             -1961.160669100606            4971.200852875866             
01 Jan 2024 14:38:22.930   4377.602355860849             -1283.497113159988            5191.285717872415             
01 Jan 2024 14:39:56.827   4327.240913726341             -591.9416043505722            5356.233241808777             
01 Jan 2024 14:41:30.760   4230.932795021311             106.1680219285105             5464.241243981194             
01 Jan 2024 14:43:04.730   4089.665335078537             803.4099280856437             5514.111430599203             
01 Jan 2024 14:44:38.729   3904.912987723874             1492.338203988654             5505.265970814612             
01 Jan 2024 14:46:12.742   3678.647698971995             2165.516010306221             5437.771883076681             
01 Jan 2024 14:47:46.762   3413.282992434195             2815.735805410293             5312.342244447807             
01 Jan 2024 14:49:20.764   3111.716256350338             3435.927769318613             5130.360130783755             
01 Jan 2024 14:50:54.744   2777.188958763528             4019.49449503743              4893.809862230927             
01 Jan 2024 14:52:28.703   2413.265320061479             4560.279748223258             4605.239070165324             
01 Jan 2024 14:54:02.646   2023.800228388282             5052.597561821269             4267.72694095563              
01 Jan 2024 14:55:36.570   1612.947762315026             5491.230682743134             3884.894490432937             
01 Jan 2024 14:57:10.476   1185.067310787764             5871.557277572769             3460.82567136614              
01 Jan 2024 14:58:44.370   744.6795624628079             6189.582237968706             3000.020932895529             
01 Jan 2024 15:00:18.259   296.4217216696277             6441.966067377477             2507.34896408172              
01 Jan 2024 15:01:52.146   -154.9749039742916            6626.042034438008             1988.023291622093             
01 Jan 2024 15:03:26.033   -604.7301803149174            6739.853440367501             1447.556122642638             
01 Jan 2024 15:04:59.911   -1048.03075329662             6782.186285158298             891.7487739059465             
01 Jan 2024 15:06:33.786   -1480.204838935218            6752.605565308274             326.478665027486              
01 Jan 2024 15:08:07.666   -1896.707612748067            6651.42099807279              -242.2935778419915            
01 Jan 2024 15:09:41.559   -2293.151341660428            6479.682165556057             -808.5648009768444            
01 Jan 2024 15:11:15.452   -2665.277297941818            6239.227330084965             -1366.237465608161            
01 Jan 2024 15:12:49.343   -3009.137593192647            5932.623814673906             -1909.373424449019            
01 Jan 2024 15:14:23.238   -3321.112312053476            5563.115259059396             -2432.233699308005            
01 Jan 2024 15:15:57.130   -3597.879787391474            5134.658717205731             -2929.228387039159            
01 Jan 2024 15:17:31.011   -3836.50106814597             4651.859334566363             -3395.047127509645            
01 Jan 2024 15:19:04.887   -4034.484831319292            4119.828113531771             -3824.789729566785            
01 Jan 2024 15:20:38.765   -4189.763988097257            3544.169545527494             -4213.940439439826            
01 Jan 2024 15:22:12.650   -4300.70626763888             2930.956729507735             -4558.390002114572            
01 Jan 2024 15:23:46.536   -4366.135525100517            2286.717526528084             -4854.467869886348            
01 Jan 2024 15:25:20.428   -4385.365318849281            1618.240013267275             -5099.049606382379            
01 Jan 2024 15:26:54.328   -4358.18774395765             932.5807740362367             -5289.539965354089            
01 Jan 2024 15:28:28.237   -4284.879747612749            236.9854395767751             -5423.907294851691            
01 Jan 2024 15:30:02.159   -4166.195793894479            -461.2197202794626            -5500.709854564683            
01 Jan 2024 15:31:36.095   -4003.370352421412            -1154.632712908757            -5519.100714286487            
01 Jan 2024 15:33:10.047   -3798.091762963505            -1835.935268660657            -5478.846582664798            
01 Jan 2024 15:34:44.023   -3552.483035987236            -2497.939581383086            -5380.318467588913            
01 Jan 2024 15:36:18.027   -3269.090745121619            -3133.629608433976            -5224.490933416335            
01 Jan 2024 15:37:52.048   -2950.921669037706            -3736.135229175391            -5012.980722496523            
01 Jan 2024 15:39:26.053   -2601.443857765039            -4298.840405030807            -4748.083593298356            
01 Jan 2024 15:41:00.030   -2224.423203623791            -4815.695619469539            -4432.6665082494              
01 Jan 2024 15:42:33.975   -1823.897635754088            -5281.199539438592            -4070.128211764791            
01 Jan 2024 15:44:07.885   -1404.14184215337             -5690.423759258233            -3664.361752876917            
01 Jan 2024 15:45:41.762   -969.6163718238581            -6039.057787612215            -3219.70353272001             
01 Jan 2024 15:47:15.607   -524.9421720616181            -6323.42996797946             -2740.907155455362            
01 Jan 2024 15:48:49.418   -74.84968936329838            -6540.553253609738            -2233.092684194095            
01 Jan 2024 15:50:23.196   375.8769604141266             -6688.162507560367            -1701.686748852811            
01 Jan 2024 15:51:56.944   822.4693839829895             -6764.740439452314            -1152.341464735789            
01 Jan 2024 15:53:30.668   1260.219991870786             -6769.519687300667            -590.8767961036972            
01 Jan 2024 15:55:04.374   1684.520494657699             -6702.482238023877            -23.23051243764636            
01 Jan 2024 15:56:38.070   2090.906867085818             -6564.357215583687            544.6007132795714             
01 Jan 2024 15:58:11.764   2475.105880175604             -6356.610921446593            1106.624759029804             
01 Jan 2024 15:59:45.453   2833.037835336113             -6081.464723034242            1656.852082853709             
01 Jan 2024 16:01:19.143   3160.935370097257             -5741.834413847824            2189.468695373907             
01 Jan 2024 16:02:52.839   3455.342339434957             -5341.313880862996            2698.840395105292             
01 Jan 2024 16:04:26.546   3713.159770768998             -4884.124042748097            3179.588874019869             
01 Jan 2024 16:06:00.265   3931.655409486909             -4375.1105266452              3626.605075134554             
01 Jan 2024 16:07:34.002   4108.526465213046             -3819.630495283066            4035.167112810536             
01 Jan 2024 16:09:07.763   4241.901218101759             -3223.521894498431            4400.952630118795             
01 Jan 2024 16:10:41.554   4330.355160290157             -2593.061150071769            4720.073601209571             
01 Jan 2024 16:12:15.377   4372.931019631968             -1934.890048252859            4989.126139197791             
01 Jan 2024 16:13:49.237   4369.149152389227             -1255.940519395952            5205.228556277333             
01 Jan 2024 16:15:23.136   4319.013850376534             -563.3917186052012            5366.043620119447             
01 Jan 2024 16:16:57.072   4223.018379563347             135.4185940626013             5469.814019068922             
01 Jan 2024 16:18:31.045   4082.145232962098             833.0580124892786             5515.383603576956             
01 Jan 2024 16:20:05.043   3897.875224543449             1522.035299288097             5502.220823645847             
01 Jan 2024 16:21:39.057   3672.165455503039             2194.956647223508             5430.441228409091             
01 Jan 2024 16:23:13.078   3407.424692758228             2844.609054330545             5300.802869244778             
01 Jan 2024 16:24:47.079   3106.549131919694             3463.916744898811             5114.738139093508             
01 Jan 2024 16:26:21.057   2772.774462656022             4046.293171305471             4874.277652929219             
01 Jan 2024 16:27:55.014   2409.649067274557             4585.609463137665             4582.005326609806             
01 Jan 2024 16:29:28.957   2021.016866623701             5076.196279475403             4241.036727781098             
01 Jan 2024 16:31:02.882   1611.02190862066              5512.853289922286             3855.027883121058             
01 Jan 2024 16:32:36.790   1184.016289198064             5890.975558785547             3428.097574768986             
01 Jan 2024 16:34:10.688   744.5050336242392             6206.594051088067             2964.76928802426              
01 Jan 2024 16:35:44.578   297.1330333970777             6456.382311186141             2469.956296512902             
01 Jan 2024 16:37:18.465   -153.3767094453964            6637.704519227555             1948.897477775819             
01 Jan 2024 16:38:52.354   -602.2706032575197            6748.640335557849             1407.103899720421             
01 Jan 2024 16:40:26.236   -1044.74297177367             6788.002837932362             850.3919751401419             
01 Jan 2024 16:42:00.113   -1476.119455044926            6755.387026345341             284.6627935628169             
01 Jan 2024 16:43:33.994   -1891.863781730764            6651.137048706983             -284.1175544111051            
01 Jan 2024 16:45:07.888   -2287.60065284352             6476.335217703321             -849.9513242081582            
01 Jan 2024 16:46:41.781   -2659.077324568188            6232.85447384109              -1406.743062656175            
01 Jan 2024 16:47:28.000   -2831.814292845025            6088.541154489777             -1675.690718706328            
