Starlink_63.UTCGregorian   Starlink_63.EarthMJ2000Eq.X   Starlink_63.EarthMJ2000Eq.Y   Starlink_63.EarthMJ2000Eq.Z   
01 Jan 2024 11:59:28.000   4519.832650322544             702.5323639655566             5194.015988679577             
01 Jan 2024 12:00:28.000   4306.986619146863             1088.756660695847             5307.063347345535             
01 Jan 2024 12:01:57.255   3956.270203571923             1654.10937697854              5432.621475993733             
01 Jan 2024 12:03:30.632   3549.004887746416             2228.591529962188             5508.322659458076             
01 Jan 2024 12:05:04.463   3102.440514902061             2782.412524845177             5526.293477272899             
01 Jan 2024 12:06:38.337   2622.93923037544              3307.137457507836             5485.811659505347             
01 Jan 2024 12:08:12.213   2115.752308655331             3796.976880555013             5387.284876526118             
01 Jan 2024 12:09:46.094   1586.213145946084             4246.773824369354             5231.746797930508             
01 Jan 2024 12:11:19.980   1039.900045843588             4651.777193679568             5020.829354546213             
01 Jan 2024 12:12:53.869   482.593204450443              5007.688409368686             4756.758641881944             
01 Jan 2024 12:14:27.759   -79.81245424934654            5310.731932289106             4442.326181170959             
01 Jan 2024 12:16:01.655   -641.4134069176712            5557.711129475847             4080.828292058501             
01 Jan 2024 12:17:35.562   -1196.297507047261            5746.001022797629             3676.059730697829             
01 Jan 2024 12:19:09.483   -1738.621582954484            5873.586141833344             3232.266706466995             
01 Jan 2024 12:20:43.421   -2262.656578607865            5939.079319044073             2754.116679782847             
01 Jan 2024 12:22:17.380   -2762.865921785567            5941.742792594839             2246.636243101344             
01 Jan 2024 12:23:51.365   -3233.958090001727            5881.493549259717             1715.161826412111             
01 Jan 2024 12:25:25.373   -3670.905041811249            5758.916600676126             1165.331936619358             
01 Jan 2024 12:26:59.394   -4069.001586572774            5575.289062652309             603.0468632576058             
01 Jan 2024 12:28:33.401   -4423.924389185619            5332.609315523434             34.43305015347862             
01 Jan 2024 12:30:07.382   -4731.896714604352            5033.524270182575             -534.3871961723376            
01 Jan 2024 12:31:41.333   -4989.698250884306            4681.268801917675             -1097.357715918359            
01 Jan 2024 12:33:15.253   -5194.659809194992            4279.634075830727             -1648.510447586759            
01 Jan 2024 12:34:49.140   -5344.67877790965             3832.939364201519             -2182.005552955156            
01 Jan 2024 12:36:22.992   -5438.247930173037            3345.968230797988             -2692.215506734783            
01 Jan 2024 12:37:56.808   -5474.464280508541            2823.911209332493             -3173.783293465917            
01 Jan 2024 12:39:30.591   -5453.031394255509            2272.311162745748             -3621.671623834074            
01 Jan 2024 12:41:04.346   -5374.253048690548            1696.978753722142             -4031.228757895596            
01 Jan 2024 12:42:38.076   -5239.024036807676            1103.96475429198              -4398.202980147571            
01 Jan 2024 12:44:11.789   -5048.810793006986            499.4656552084105             -4718.803460653805            
01 Jan 2024 12:45:45.491   -4805.637942559116            -110.2077886790211            -4989.713534644527            
01 Jan 2024 12:47:19.185   -4512.080230212296            -718.6724838528792            -5208.118364641803            
01 Jan 2024 12:48:52.871   -4171.240055141698            -1319.547617711576            -5371.745718572919            
01 Jan 2024 12:50:26.554   -3786.683102427647            -1906.574809990263            -5478.902688490992            
01 Jan 2024 12:52:00.244   -3362.404507250142            -2473.654464964499            -5528.472179001024            
01 Jan 2024 12:53:33.946   -2902.808776930267            -3014.874274637818            -5519.91672922948             
01 Jan 2024 12:55:07.662   -2412.699098330968            -3524.541543926284            -5453.295146161916            
01 Jan 2024 12:56:41.396   -1897.165851378562            -3997.317107334761            -5329.262652972346            
01 Jan 2024 12:58:15.154   -1361.570219540995            -4428.225079626393            -5149.062394376931            
01 Jan 2024 12:59:48.943   -811.4897473718372            -4812.706931423525            -4914.515785177266            
01 Jan 2024 13:01:22.765   -252.6675240157141            -5146.666800273068            -4628.009064217955            
01 Jan 2024 13:02:56.624   309.0362355489287             -5426.51286255203             -4292.478910723335            
01 Jan 2024 13:04:30.518   867.6902932736392             -5649.197719458645            -3911.399554761744            
01 Jan 2024 13:06:04.450   1417.393915668673             -5812.275251547549            -3488.727260003327            
01 Jan 2024 13:07:38.416   1952.303536116314             -5913.916807834069            -3028.886632898519            
01 Jan 2024 13:09:12.413   2466.708250006713             -5952.94575918538             -2536.722658298786            
01 Jan 2024 13:10:46.426   2955.048656042943             -5928.864901287255            -2017.504482635262            
01 Jan 2024 13:12:20.445   3412.065540129916             -5841.883609784758            -1476.796348723723            
01 Jan 2024 13:13:54.447   3832.801307611831             -5692.931531846913            -920.4674400225092            
01 Jan 2024 13:15:28.425   4212.765450111277             -5483.6242307837              -354.4933323291039            
01 Jan 2024 13:17:02.380   4547.959842041897             -5216.207379733494            215.1176201633788             
01 Jan 2024 13:18:36.321   4834.875124386293             -4893.523259839066            782.3493921344701             
01 Jan 2024 13:20:10.243   5070.483757097671             -4519.02886910234             1341.156137652615             
01 Jan 2024 13:21:44.147   5252.321222585896             -4096.721062226229            1885.609076305676             
01 Jan 2024 13:23:18.041   5378.504587583248             -3631.069300850687            2409.972900854134             
01 Jan 2024 13:24:51.928   5447.728667108427             -3127.003767998122            2908.712265379352             
01 Jan 2024 13:26:25.816   5459.285338392417             -2589.836275180648            3376.578988604007             
01 Jan 2024 13:27:59.702   5413.070231602573             -2025.273392671126            3808.60804336532              
01 Jan 2024 13:29:33.580   5309.602682917453             -1439.334967967147            4200.207425871265             
01 Jan 2024 13:31:07.456   5150.00183593864              -838.2000034361138            4547.264821687087             
01 Jan 2024 13:32:41.337   4935.956653839907             -228.1682569918904            4846.149761301393             
01 Jan 2024 13:34:15.232   4669.712641433184             384.3650512134637             5093.721715997054             
01 Jan 2024 13:35:49.125   4354.137757790058             992.8190401412014             5287.321168554518             
01 Jan 2024 13:37:23.016   3992.577693207396             1590.778214355013             5424.919711163424             
01 Jan 2024 13:38:56.912   3588.837413716725             2171.966664725018             5505.079368253912             
01 Jan 2024 13:40:30.802   3147.231506478743             2730.18981498319              5526.954770953764             
01 Jan 2024 13:42:04.682   2672.459399289349             3259.535138846504             5490.335907313182             
01 Jan 2024 13:43:38.556   2169.514250100978             3754.457099707412             5395.626982123552             
01 Jan 2024 13:45:12.435   1643.649374476918             4209.787316063547             5243.820656433052             
01 Jan 2024 13:46:46.319   1100.407272754695             4620.714319904147             5036.510536196459             
01 Jan 2024 13:48:20.205   545.5398486790018             4982.87524135124              4775.887257441758             
01 Jan 2024 13:49:54.097   -15.12241965879876            5292.450034407297             4464.684420286639             
01 Jan 2024 13:51:27.995   -575.6649706536091            5546.15238191652              4106.176358455874             
01 Jan 2024 13:53:01.904   -1130.188930674862            5741.286616195201             3704.124135535986             
01 Jan 2024 13:54:35.825   -1672.833493016013            5875.759745638557             3262.762633637284             
01 Jan 2024 13:56:09.763   -2197.887642649024            5948.119410243958             2786.71815910277              
01 Jan 2024 13:57:43.720   -2699.795416964174            5957.554644883194             2281.003444130989             
01 Jan 2024 13:59:17.703   -3173.245682825319            5903.913679788592             1750.940570208455             
01 Jan 2024 14:00:51.711   -3613.209806505222            5787.706847158788             1202.124571327665             
01 Jan 2024 14:02:25.732   -4014.931474486623            5610.144767762304             640.4658898961499             
01 Jan 2024 14:03:59.737   -4374.04438917385             5373.164196856689             72.0914426371917              
01 Jan 2024 14:05:33.715   -4686.732718255849            5079.349863870268             -496.8862304106237            
01 Jan 2024 14:07:07.663   -4949.726495818361            4731.881279657283             -1060.409698467814            
01 Jan 2024 14:08:41.580   -5160.300875465276            4334.501412192986             -1612.502773929531            
01 Jan 2024 14:10:15.463   -5316.295939746637            3891.480384982427             -2147.321897720905            
01 Jan 2024 14:11:49.311   -5416.14022074604             3407.561556215759             -2659.226232244032            
01 Jan 2024 14:13:23.124   -5458.862637804637            2887.913024673941             -3142.831282106468            
01 Jan 2024 14:14:56.903   -5444.099391924961            2338.048106890852             -3593.083591484347            
01 Jan 2024 14:16:30.654   -5372.084827755827            1763.762962094691             -4005.304471583855            
01 Jan 2024 14:18:04.380   -5243.640846275996            1171.08715323752              -4375.2212648737              
01 Jan 2024 14:19:38.090   -5060.165199230599            566.2257184504541             -4699.004619685823            
01 Jan 2024 14:21:11.791   -4823.605443106588            -44.5249811297406             -4973.313223701522            
01 Jan 2024 14:22:45.486   -4536.465857410826            -654.7660711017579            -5195.291619422458            
01 Jan 2024 14:24:19.174   -4201.777913679859            -1258.099975113557            -5362.627946250756            
01 Jan 2024 14:25:52.861   -3823.044075404715            -1848.236749964347            -5473.586422978246            
01 Jan 2024 14:27:26.553   -3404.209907049349            -2419.028043409511            -5527.00756926004             
01 Jan 2024 14:29:00.256   -2949.627027135385            -2964.521753469636            -5522.31652257421             
01 Jan 2024 14:30:33.972   -2464.04043683243             -3478.989644789138            -5459.533442168495            
01 Jan 2024 14:32:07.705   -1952.498433152818            -3957.0389517272              -5339.27553539667             
01 Jan 2024 14:33:41.463   -1420.315077612958            -4393.645364710755            -5162.746425748123            
01 Jan 2024 14:35:15.250   -873.0308882772423            -4784.192262872451            -4931.728953947204            
01 Jan 2024 14:36:49.071   -316.3583249729385            -5124.521326910868            -4648.571975221152            
01 Jan 2024 14:38:22.930   243.8670724435378             -5410.974906296894            -4316.175945154329            
01 Jan 2024 14:39:56.827   801.7466984640153             -5640.441731397761            -3937.969860236808            
01 Jan 2024 14:41:30.760   1351.373602286078             -5810.395269546919            -3517.887372228653            
01 Jan 2024 14:43:04.730   1886.906651409597             -5918.93363885371             -3060.324240695621            
01 Jan 2024 14:44:38.729   2402.620672528187             -5964.805755673425            -2570.10875322011             
01 Jan 2024 14:46:12.742   2892.939005112581             -5947.443368721816            -2052.495129313319            
01 Jan 2024 14:47:46.762   3352.601803633042             -5866.98310429854             -1513.00920331563             
01 Jan 2024 14:49:20.764   3776.605493766836             -5724.286804245448            -957.5273689451153            
01 Jan 2024 14:50:54.744   4160.441084979608             -5520.89713110917             -391.9942593683023            
01 Jan 2024 14:52:28.703   4500.064242307224             -5258.995398179389            177.582533163576              
01 Jan 2024 14:54:02.646   4791.911567228149             -4941.369843267234            745.1763030884291             
01 Jan 2024 14:55:36.570   5032.902870877366             -4571.425149964868            1304.735878017892             
01 Jan 2024 14:57:10.476   5220.518407061528             -4153.107340601422            1850.328622798973             
01 Jan 2024 14:58:44.370   5352.811133389414             -3690.855003657281            2376.194530438635             
01 Jan 2024 15:00:18.259   5428.416036914531             -3189.548343006567            2876.799118710167             
01 Jan 2024 15:01:52.146   5446.555844346527             -2654.483801216555            3346.861018590875             
01 Jan 2024 15:03:26.033   5407.05621285966              -2091.326651987754            3781.407871980097             
01 Jan 2024 15:04:59.911   5310.365774557647             -1506.102598143206            4175.804296373734             
01 Jan 2024 15:06:33.786   5157.531974615743             -904.9749548906585            4525.915310000468             
01 Jan 2024 15:08:07.666   4950.175149088503             -294.2499748713055            4828.075430543212             
01 Jan 2024 15:09:41.559   4690.474146775106             319.6653222351373             5079.109675910448             
01 Jan 2024 15:11:15.452   4381.21422669757              930.2022526382182             5276.331595706209             
01 Jan 2024 15:12:49.343   4025.683680649292             1530.90175001115              5417.666050528393             
01 Jan 2024 15:14:23.238   3627.625767167126             2115.458271177368             5501.636951662334             
01 Jan 2024 15:15:57.130   3191.279429868649             2677.661075710444             5527.359659791187             
01 Jan 2024 15:17:31.011   2721.301938330117             3211.535502238693             5494.580709041872             
01 Jan 2024 15:19:04.887   2222.634032498968             3711.491441572736             5403.664435223016             
01 Jan 2024 15:20:38.765   1700.498680424298             4172.296042389508             5255.568643129751             
01 Jan 2024 15:22:12.650   1160.379257710074             4589.09877398286              5051.843269390069             
01 Jan 2024 15:23:46.536   608.0033435810731             4957.467008559428             4794.643667613008             
01 Jan 2024 15:25:20.428   49.17287010834403             5273.517314906025             4486.666618960698             
01 Jan 2024 15:26:54.328   -510.2253273229343            5533.898459155601             4131.146695616828             
01 Jan 2024 15:28:28.237   -1064.28739362687             5735.836550992754             3731.824376325851             
01 Jan 2024 15:30:02.159   -1607.180903483539            5877.174249361659             3292.887976095032             
01 Jan 2024 15:31:36.095   -2133.151076461619            5956.378264932259             2818.973354086009             
01 Jan 2024 15:33:10.047   -2636.646800001036            5972.574502759916             2315.063734785216             
01 Jan 2024 15:34:44.023   -3112.355555745714            5925.543115017575             1786.449357745503             
01 Jan 2024 15:36:18.027   -3555.236100472418            5815.721406309925             1238.696034665868             
01 Jan 2024 15:37:52.048   -3960.509211212537            5644.241688264076             677.686224006709              
01 Jan 2024 15:39:26.053   -4323.748211596468            5412.977929547781             109.5648928102104             
01 Jan 2024 15:41:00.030   -4641.089530547673            5124.456492099141             -459.5524893591521            
01 Jan 2024 15:42:33.975   -4909.209081070265            4781.810106497733             -1023.594795061136            
01 Jan 2024 15:44:07.885   -5125.330634472736            4388.737367954257             -1576.578312197831            
01 Jan 2024 15:45:41.762   -5287.245590687042            3949.449802638575             -2112.67197907279             
01 Jan 2024 15:47:15.607   -5393.319611582625            3468.643397262695             -2626.228512054084            
01 Jan 2024 15:48:49.418   -5442.511961578121            2951.446949309819             -3111.848090035995            
01 Jan 2024 15:50:23.196   -5434.386277218087            2403.36092871118              -3564.441184266349            
01 Jan 2024 15:51:56.944   -5369.108228070612            1830.174064535646             -3979.296607038378            
01 Jan 2024 15:53:30.668   -5247.430994562174            1237.903748482633             -4352.116957439321            
01 Jan 2024 15:55:04.374   -5070.681148395085            632.745334818865              -4679.04696701328             
01 Jan 2024 15:56:38.070   -4840.742233190073            21.01296469166773             -4956.70657429644             
01 Jan 2024 15:58:11.764   -4560.032570691968            -590.9242621202543            -5182.22193347847             
01 Jan 2024 15:59:45.453   -4231.519588461878            -1196.63392898902             -5353.233302710399            
01 Jan 2024 16:01:19.143   -3858.63749657882             -1789.803364016745            -5467.964333955655            
01 Jan 2024 16:02:52.839   -3445.27671178464             -2364.240678640467            -5525.212139655808            
01 Jan 2024 16:04:26.546   -2995.73206897755             -2913.955203686012            -5524.361647780265            
01 Jan 2024 16:06:00.265   -2514.702087926534            -3433.167862862801            -5465.393601192227            
01 Jan 2024 16:07:34.002   -2007.182198906666            -3916.443106693056            -5348.885501491839            
01 Jan 2024 16:09:07.763   -1478.443168585488            -4358.702966622684            -5176.001160247921            
01 Jan 2024 16:10:41.554   -933.9955987041651            -4755.267020201984            -4948.487665087428            
01 Jan 2024 16:12:15.377   -379.527399616152             -5101.912304653581            -4668.661243147563            
01 Jan 2024 16:13:49.237   179.1585232416215             -5394.922200338478            -4339.384034406783            
01 Jan 2024 16:15:23.136   736.1797311535886             -5631.116519038786            -3964.05269643122             
01 Jan 2024 16:16:57.072   1285.648024755341             -5807.900625849847            -3546.563506990225            
01 Jan 2024 16:18:31.045   1821.722537461546             -5923.297650802517            -3091.284522387081            
01 Jan 2024 16:20:05.043   2338.642971544519             -5975.980422323514            -2603.047923692879            
01 Jan 2024 16:21:39.057   2830.854234927171             -5965.313872884485            -2087.056967612652            
01 Jan 2024 16:23:13.078   3293.070788454901             -5891.361367620984            -1548.824704100627            
01 Jan 2024 16:24:47.079   3720.253301119555             -5754.916469649301            -994.2243570748951            
01 Jan 2024 16:26:21.057   4107.860470035049             -5557.458168213259            -429.1919655704356            
01 Jan 2024 16:27:55.014   4451.81786441881              -5301.100927503753            140.2838118095561             
01 Jan 2024 16:29:28.957   4748.516424548933             -4988.571595786724            708.1798832864981             
01 Jan 2024 16:31:02.882   4994.822578190074             -4623.218444772165            1268.441924058283             
01 Jan 2024 16:32:36.790   5188.157146869267             -4208.939607046012            1815.126077963464             
01 Jan 2024 16:34:10.688   5326.512913914588             -3750.123597137677            2342.467300678039             
01 Jan 2024 16:35:44.578   5408.455267781898             -3251.632055224172            2844.894834146045             
01 Jan 2024 16:37:18.465   5433.142904821345             -2718.73466383802             3317.108447161337             
01 Jan 2024 16:38:52.354   5400.332990131275             -2157.053618943564            3754.130620383397             
01 Jan 2024 16:40:26.236   5310.399578007065             -1572.59952139905             4151.295753302747             
01 Jan 2024 16:42:00.113   5164.320627679778             -971.5427719750813            4504.428683767246             
01 Jan 2024 16:43:33.994   4963.647288522036             -360.190157076181             4809.832857117655             
01 Jan 2024 16:45:07.888   4710.487164520267             255.050188329351              5064.302628653318             
01 Jan 2024 16:46:41.781   4407.557313581874             867.5918922124332             5265.113692481974             
01 Jan 2024 16:47:28.000   4241.122924087152             1166.146400444265             5343.588460083945             
