Starlink_55.UTCGregorian   Starlink_55.EarthMJ2000Eq.X   Starlink_55.EarthMJ2000Eq.Y   Starlink_55.EarthMJ2000Eq.Z   
01 Jan 2024 11:59:28.000   3190.699032610603             4448.73304664054              4234.200628575149             
01 Jan 2024 12:00:28.000   3007.787288522909             4787.678543622917             3991.443631927708             
01 Jan 2024 12:01:57.255   2711.884483740027             5253.175271632915             3598.642812156979             
01 Jan 2024 12:03:30.632   2374.597776031258             5686.315861548988             3150.817108257368             
01 Jan 2024 12:05:04.463   2010.627575659583             6061.559597384324             2667.491278598086             
01 Jan 2024 12:06:38.337   1625.201823974079             6372.800765049356             2155.621039023002             
01 Jan 2024 12:08:12.213   1222.552125777146             6616.534117467217             1620.841045760187             
01 Jan 2024 12:09:46.094   806.9260968143482             6790.156928396016             1068.80836950718              
01 Jan 2024 12:11:19.980   382.7203480263344             6891.802296673271             505.378737809395              
01 Jan 2024 12:12:53.869   -45.55599083079156            6920.368009321279             -63.44225954618061            
01 Jan 2024 12:14:27.759   -473.3514932627664            6875.540916102302             -631.5928032182941            
01 Jan 2024 12:16:01.655   -896.1550876505099            6757.786042209279             -1193.0649811253              
01 Jan 2024 12:17:35.562   -1309.497253719403            6568.335391081798             -1741.906736033135            
01 Jan 2024 12:19:09.483   -1709.010120380419            6309.174044438153             -2272.302034928857            
01 Jan 2024 12:20:43.421   -2090.462238450517            5983.026217805623             -2778.617396085436            
01 Jan 2024 12:22:17.380   -2449.81681296872             5593.317939289973             -3255.479540875341            
01 Jan 2024 12:23:51.365   -2783.269566879937            5144.139406616222             -3697.82596975537             
01 Jan 2024 12:25:25.373   -3087.262183131983            4640.244910573922             -4100.923130250565            
01 Jan 2024 12:26:59.394   -3358.52555280361             4087.035312836782             -4460.424149218487            
01 Jan 2024 12:28:33.401   -3594.12286008413             3490.548246056929             -4772.426351924161            
01 Jan 2024 12:30:07.382   -3791.560395514199            2857.232829085119             -5033.618367157374            
01 Jan 2024 12:31:41.333   -3948.788213835081            2193.863112936238             -5241.281029590535            
01 Jan 2024 12:33:15.253   -4064.192511666806            1507.502089339441             -5393.277327734186            
01 Jan 2024 12:34:49.140   -4136.603616834573            805.4546105144581             -5488.063045517715            
01 Jan 2024 12:36:22.992   -4165.311291546054            95.16361211616321             -5524.706970981366            
01 Jan 2024 12:37:56.808   -4150.066817524663            -615.8693904910901            -5502.893541441667            
01 Jan 2024 12:39:30.591   -4091.081164255852            -1320.15538180465             -5422.920261116288            
01 Jan 2024 12:41:04.346   -3989.015075888829            -2010.321719098358            -5285.684265122978            
01 Jan 2024 12:42:38.076   -3844.971956412489            -2679.14020043655             -5092.672736482948            
01 Jan 2024 12:44:11.789   -3660.478360280881            -3319.635227001931            -4845.936635164577            
01 Jan 2024 12:45:45.491   -3437.473714896015            -3925.115307146074            -4548.076841763808            
01 Jan 2024 12:47:19.185   -3178.302902406287            -4489.223417771247            -4202.234031748882            
01 Jan 2024 12:48:52.871   -2885.695555298625            -5006.019569575587            -3812.060780344055            
01 Jan 2024 12:50:26.554   -2562.711110263524            -5470.090407635709            -3381.648056178407            
01 Jan 2024 12:52:00.244   -2212.711838412959            -5876.573560900332            -2915.489084245668            
01 Jan 2024 12:53:33.946   -1839.345769254764            -6221.182558766212            -2418.456337035501            
01 Jan 2024 12:55:07.662   -1446.535457752977            -6500.243852210207            -1895.786231858907            
01 Jan 2024 12:56:41.396   -1038.385683279812            -6710.786375058924            -1352.955946883967            
01 Jan 2024 12:58:15.154   -619.1689625420971            -6850.54295845828             -795.6638564776806            
01 Jan 2024 12:59:48.943   -193.2799473232301            -6917.978589719927            -229.7685389769838            
01 Jan 2024 13:01:22.765   234.8069318011228             -6912.308931203674            338.767883781042              
01 Jan 2024 13:02:56.624   660.5776506396564             -6833.514455502635            903.9335174905045             
01 Jan 2024 13:04:30.518   1079.516718420513             -6682.35409388119             1459.717740355666             
01 Jan 2024 13:06:04.450   1487.185931146063             -6460.355679412454            2000.216115194016             
01 Jan 2024 13:07:38.416   1879.245492620693             -6169.811912558498            2519.658776240097             
01 Jan 2024 13:09:12.413   2251.510977477641             -5813.761416984337            3012.486349781057             
01 Jan 2024 13:10:46.426   2599.968350117182             -5396.005349033157            3473.370320625973             
01 Jan 2024 13:12:20.445   2920.881452983769             -4921.021374618905            3897.355735724715             
01 Jan 2024 13:13:54.447   3210.792169467947             -4393.977330163561            4279.861793905068             
01 Jan 2024 13:15:28.425   3466.634016486407             -3820.553510841152            4616.832145371794             
01 Jan 2024 13:17:02.380   3685.743279839695             -3206.849142207449            4904.749426493401             
01 Jan 2024 13:18:36.321   3865.851262061878             -2559.342065666926            5140.624928567434             
01 Jan 2024 13:20:10.243   4005.078508151025             -1884.919483059034            5321.991250509794             
01 Jan 2024 13:21:44.147   4101.985299838982             -1190.718816985781            5446.968681738525             
01 Jan 2024 13:23:18.041   4155.578460824546             -484.0288086434943            5514.273795561088             
01 Jan 2024 13:24:51.928   4165.30721184075              227.7190936930824             5523.213952916789             
01 Jan 2024 13:26:25.816   4131.071060070522             937.065186073791              5473.697184618397             
01 Jan 2024 13:27:59.702   4053.22668199498              1636.506067810419             5366.241434159443             
01 Jan 2024 13:29:33.580   3932.597492536575             2318.613644773141             5201.986585784675             
01 Jan 2024 13:31:07.456   3770.446522160371             2976.215136070976             4982.657320814981             
01 Jan 2024 13:32:41.337   3568.454373413004             3602.418565508003             4710.533570017667             
01 Jan 2024 13:34:15.232   3328.71028508466              4190.635576429573             4388.438385050859             
01 Jan 2024 13:35:49.125   3053.769129790799             4734.517451174213             4019.813930528325             
01 Jan 2024 13:37:23.016   2746.521827378696             5228.301067171879             3608.547037144379             
01 Jan 2024 13:38:56.912   2410.185697284919             5666.764110288572             3158.956424447672             
01 Jan 2024 13:40:30.802   2048.346247903727             6045.192931764464             2675.848188328072             
01 Jan 2024 13:42:04.682   1664.851827859089             6359.549760888731             2164.374524088137             
01 Jan 2024 13:43:38.556   1263.740859307537             6606.515259916608             1629.936484251612             
01 Jan 2024 13:45:12.435   849.2157384358649             6783.478512431262             1078.149062274998             
01 Jan 2024 13:46:46.319   425.6637188579454             6888.536212179119             514.8686155266024             
01 Jan 2024 13:48:20.205   -2.40971357511663             6920.550627285984             -53.89636546470727            
01 Jan 2024 13:49:54.097   -430.4845878101783            6879.169139679989             -622.1235444155287            
01 Jan 2024 13:51:27.995   -854.023824141727             6764.816041271023             -1183.773559206241            
01 Jan 2024 13:53:01.904   -1268.551370995964            6578.685850300812             -1732.894109162358            
01 Jan 2024 13:54:35.825   -1669.670677673624            6322.738680066423             -2263.644815034937            
01 Jan 2024 13:56:09.763   -2053.148992959938            5999.657845793845             -2770.40920355384             
01 Jan 2024 13:57:43.720   -2414.921514967903            5612.843294953674             -3247.800505715464            
01 Jan 2024 13:59:17.703   -2751.15711002257             5166.360123905842             -3690.748857828994            
01 Jan 2024 14:00:51.711   -3058.284815527138            4664.909437423741             -4094.536570594012            
01 Jan 2024 14:02:25.732   -3332.988318367517            4113.883876791006             -4454.791557586995            
01 Jan 2024 14:03:59.737   -3572.291114483346            3519.306123690716             -4767.600246575288            
01 Jan 2024 14:05:33.715   -3773.66396043583             2887.598722598784             -5029.648607436065            
01 Jan 2024 14:07:07.663   -3935.015710561378            2225.518729949565             -5238.209586193286            
01 Jan 2024 14:08:41.580   -4054.688949137467            1540.118682032078             -5391.137100814899            
01 Jan 2024 14:10:15.463   -4131.470427171703            838.6853951732536             -5486.879481085158            
01 Jan 2024 14:11:49.311   -4164.603286263088            128.6532686248488             -5524.495017034715            
01 Jan 2024 14:13:23.124   -4153.791966443101            -582.4660067909305            -5503.65789098438             
01 Jan 2024 14:14:56.903   -4099.201578084363            -1287.19035374027             -5424.656379270759            
01 Jan 2024 14:16:30.654   -4001.447611446619            -1978.139594696448            -5288.378484186676            
01 Jan 2024 14:18:04.380   -3861.586013300035            -2648.090454699093            -5096.29817932596             
01 Jan 2024 14:19:38.090   -3681.101995894599            -3290.042628366088            -4850.45983830635             
01 Jan 2024 14:21:11.791   -3461.886452560836            -3897.308555971329            -4553.445938878204            
01 Jan 2024 14:22:45.486   -3206.243577627515            -4463.506183588215            -4208.387113536029            
01 Jan 2024 14:24:19.174   -2916.862706067601            -4982.673365963079            -3818.92348334852             
01 Jan 2024 14:25:52.861   -2596.770231117153            -5449.364873518536            -3389.139639727312            
01 Jan 2024 14:27:26.553   -2249.30709682407             -5858.67796094369             -2923.534261210913            
01 Jan 2024 14:29:00.256   -1878.097394591502            -6206.297599832298            -2426.977701911126            
01 Jan 2024 14:30:33.972   -1487.036055911677            -6488.525623423122            -1904.69508303795             
01 Jan 2024 14:32:07.705   -1080.213480355817            -6702.356797484135            -1362.165119528552            
01 Jan 2024 14:33:41.463   -661.8838994021556            -6845.493489991983            -805.0776359213291            
01 Jan 2024 14:35:15.250   -236.4317060721138            -6916.365988695814            -239.2883117375153            
01 Jan 2024 14:36:49.071   191.6741423725934             -6914.154310528015            329.2424420671628             
01 Jan 2024 14:38:22.930   617.9208461501936             -6838.802622947845            894.504064935663              
01 Jan 2024 14:39:56.827   1037.800445827325             -6691.028040732266            1450.50094923784              
01 Jan 2024 14:41:30.760   1446.853597357132             -6472.323222375523            1991.310962123747             
01 Jan 2024 14:43:04.730   1840.726826139055             -6184.944852476052            2511.161711564107             
01 Jan 2024 14:44:38.729   2215.210682737382             -5831.903185645699            3004.48145436395              
01 Jan 2024 14:46:12.742   2566.265024917285             -5416.97342536305             3465.93315432376              
01 Jan 2024 14:47:46.762   2890.140398523296             -4944.585929697269            3890.574762214668             
01 Jan 2024 14:49:20.764   3183.334208466537             -4419.89808911319             4273.802154710126             
01 Jan 2024 14:50:54.744   3442.756073176305             -3848.543983559857            4611.566101965846             
01 Jan 2024 14:52:28.703   3665.700394829831             -3236.602812236851            4900.335666420349             
01 Jan 2024 14:54:02.646   3849.853061524137             -2590.545133636055            5137.106646157907             
01 Jan 2024 14:55:36.570   3993.291656126636             -1917.245012827767            5319.402170898973             
01 Jan 2024 14:57:10.476   4094.533149051239             -1223.823248371482            5445.334289011301             
01 Jan 2024 14:58:44.370   4152.537625531702             -517.5775274808462            5513.60815043082              
01 Jan 2024 15:00:18.259   4166.710421525818             194.087484357941              5523.524036733419             
01 Jan 2024 15:01:52.146   4136.904440361718             903.6938614056218             5474.980052198587             
01 Jan 2024 15:03:26.033   4063.428232947195             1603.760589879168             5368.481989350345             
01 Jan 2024 15:04:59.911   3947.061347197211             2286.827522570211             5205.163407025389             
01 Jan 2024 15:06:33.786   3789.021261746456             2945.723456220494             4986.738225063668             
01 Jan 2024 15:08:07.666   3590.947632266229             3573.537506658378             4715.480036364168             
01 Jan 2024 15:09:41.559   3354.891150191571             4163.662586463858             4394.206617747719             
01 Jan 2024 15:11:15.452   3083.355409645602             4709.755928841324             4026.335924301019             
01 Jan 2024 15:12:49.343   2779.203012780415             5206.011437169915             3615.757621987916             
01 Jan 2024 15:14:23.238   2445.619120316818             5647.181650522736             3166.784134329102             
01 Jan 2024 15:15:57.130   2086.146557089772             6028.53794795702              2684.197552823748             
01 Jan 2024 15:17:31.011   1704.619150792457             6345.996467133659             2173.159142575169             
01 Jan 2024 15:19:04.887   1305.052247996092             6596.207099790717             1639.062413492429             
01 Jan 2024 15:20:38.765   891.6429202738252             6776.520458969512             1087.533518448862             
01 Jan 2024 15:22:12.650   468.7506355355763             6885.005667740285             524.4050149665782             
01 Jan 2024 15:23:46.536   40.88076514973064             6920.485365337927             -44.30686282717681            
01 Jan 2024 15:25:20.428   -387.4505772108035            6882.570637809005             -612.5825437239178            
01 Jan 2024 15:26:54.328   -811.7096888894822            6771.646710692386             -1174.39018165655             
01 Jan 2024 15:28:28.237   -1227.399733287162            6588.875438314999             -1723.758361734169            
01 Jan 2024 15:30:02.159   -1630.129135123157            6336.172627938433             -2254.866949773012            
01 Jan 2024 15:31:36.095   -2015.617604261989            6016.209634121399             -2762.055459417954            
01 Jan 2024 15:33:10.047   -2379.790143363542            5632.354283747885             -3239.94735562718             
01 Jan 2024 15:34:44.023   -2718.801538918111            5188.632955670917             -3683.482322321054            
01 Jan 2024 15:36:18.027   -3029.059318886927            4689.705063082707             -4087.946659939545            
01 Jan 2024 15:37:52.048   -3307.218879013046            4140.917308442889             -4448.967931632053            
01 Jan 2024 15:39:26.053   -3550.250921868451            3548.289890726121             -4762.604632209388            
01 Jan 2024 15:41:00.030   -3755.584258483198            2918.230499790721             -5025.531704761595            
01 Jan 2024 15:42:33.975   -3921.083450826934            2257.493857697053             -5235.01038310586             
01 Jan 2024 15:44:07.885   -4045.050232511187            1573.123568484825             -5388.889312617176            
01 Jan 2024 15:45:41.762   -4126.232554393096            872.3693264045376             -5485.615374283564            
01 Jan 2024 15:47:15.607   -4163.826658596803            162.6468754021882             -5524.235886316711            
01 Jan 2024 15:48:49.418   -4157.487003968056            -548.54223962765              -5504.410566556176            
01 Jan 2024 15:50:23.196   -4107.329812986779            -1253.696527044752            -5426.414887913778            
01 Jan 2024 15:51:56.944   -4013.925870209868            -1945.419240356714            -5291.128803514582            
01 Jan 2024 15:53:30.668   -3878.286843470417            -2616.483033192279            -5100.017466212566            
01 Jan 2024 15:55:04.374   -3701.852840847987            -3259.884247558633            -4855.113725475458            
01 Jan 2024 15:56:38.070   -3486.477675486693            -3868.907299315202            -4558.99738365373             
01 Jan 2024 15:58:11.764   -3234.409453811225            -4437.191384460008            -4214.768167338276            
01 Jan 2024 15:59:45.453   -2948.30305180971             -4958.733741737196            -3826.062077400461            
01 Jan 2024 16:01:19.143   -2631.146888444334            -5428.064189015387            -3396.951024763591            
01 Jan 2024 16:02:52.839   -2286.255602971536            -5840.24149113034             -2931.932919669527            
01 Jan 2024 16:04:26.546   -1917.225920208573            -6190.919626130361            -2435.871681966603            
01 Jan 2024 16:06:00.265   -1527.93439524599             -6476.364020904683            -1913.993692404103            
01 Jan 2024 16:07:34.002   -1122.448179652021            -6693.539350258385            -1371.767489365431            
01 Jan 2024 16:09:07.763   -705.0063770883011            -6840.112164070666            -814.87864432764              
01 Jan 2024 16:10:41.554   -279.9889547063195            -6914.474846638455            -249.1877377689567            
01 Jan 2024 16:12:15.377   148.1355615635481             -6915.772413224947            319.3399008301361             
01 Jan 2024 16:13:49.237   574.8612143367641             -6843.913925587509            884.7026290282374             
01 Jan 2024 16:15:23.136   995.6745166041621             -6699.580138425555            1440.902679877127             
01 Jan 2024 16:16:57.072   1406.113021077807             -6484.22395203982             1982.024291410143             
01 Jan 2024 16:18:31.045   1801.806947832409             -6200.06504223961             2502.289233261791             
01 Jan 2024 16:20:05.043   2178.50576069719              -5850.099939121493            2996.092628325216             
01 Jan 2024 16:21:39.057   2532.17070253045              -5438.051826243809            3458.125255403877             
01 Jan 2024 16:23:13.078   2859.020230561321             -4968.322852862296            3883.433324409005             
01 Jan 2024 16:24:47.079   3155.51381744651              -4446.051160157574            4267.398340402313             
01 Jan 2024 16:26:21.057   3418.527273490161             -3876.847248930028            4605.965293668954             
01 Jan 2024 16:27:55.014   3645.323694634244             -3266.753856301981            4895.603525187926             
01 Jan 2024 16:29:28.957   3833.548061994391             -2622.217842880234            5133.299208684174             
01 Jan 2024 16:31:02.882   3981.233091287159             -1950.095377020992            5316.56339918846              
01 Jan 2024 16:32:36.790   4086.848506454327             -1257.498090714248            5443.494690524123             
01 Jan 2024 16:34:10.688   4149.307743412036             -551.7051906745137            5512.786529018414             
01 Jan 2024 16:35:44.578   4167.966575666896             159.8557208747498             5523.725090401479             
01 Jan 2024 16:37:18.465   4142.633021542973             869.7059131466788             5476.200601602356             
01 Jan 2024 16:38:52.354   4073.567531584192             1570.388148342631             5370.70618491645              
01 Jan 2024 16:40:26.236   3961.500740324074             2254.432241669024             5208.362108698757             
01 Jan 2024 16:42:00.113   3807.607703055569             2914.638538179981             4990.87594262317              
01 Jan 2024 16:43:33.994   3613.486259456666             3544.082466251778             4720.513605666874             
01 Jan 2024 16:45:07.888   3381.144635350581             4136.146550425831             4400.082130502024             
01 Jan 2024 16:46:41.781   3113.048337433977             4684.464982421613             4032.992919176661             
01 Jan 2024 16:47:28.000   2968.793175606599             4936.512001569589             3836.321361255386             
