Starlink_70.UTCGregorian   Starlink_70.EarthMJ2000Eq.X   Starlink_70.EarthMJ2000Eq.Y   Starlink_70.EarthMJ2000Eq.Z   
01 Jan 2024 11:59:28.000   6685.172643746636             -1791.286611154544            0                             
01 Jan 2024 12:00:28.000   6741.563137424807             -1522.904247688509            363.387053327972              
01 Jan 2024 12:01:57.255   6771.364749863439             -1111.812249024079            900.5607921834267             
01 Jan 2024 12:03:30.632   6733.090871126524             -670.3960601342859            1453.196849001136             
01 Jan 2024 12:05:04.463   6623.509107975421             -219.7632952970041            1993.112660486967             
01 Jan 2024 12:06:38.337   6443.702681206389             233.4069429223175             2512.103817656131             
01 Jan 2024 12:08:12.213   6195.61789586643              684.1130875860623             3004.413857868752             
01 Jan 2024 12:09:46.094   5881.881175056514             1127.594908234049             3464.830768273241             
01 Jan 2024 12:11:19.980   5505.814718687354             1559.159680709151             3888.469868666567             
01 Jan 2024 12:12:53.869   5071.41730939118              1974.223490990284             4270.820445658227             
01 Jan 2024 12:14:27.759   4583.306801413269             2368.38299670409              4607.818202423148             
01 Jan 2024 12:16:01.655   4046.624322527888             2737.488978887538             4895.906760702385             
01 Jan 2024 12:17:35.562   3467.025863226718             3077.642375559401             5132.029878541197             
01 Jan 2024 12:19:09.483   2850.610106078806             3385.245742202925             5313.672706489358             
01 Jan 2024 12:20:43.421   2203.873863357109             3657.031001667214             5438.882132382736             
01 Jan 2024 12:22:17.380   1533.625747178856             3890.103520162916             5506.293604502361             
01 Jan 2024 12:23:51.365   846.9214210129815             4081.967382936072             5515.141255947102             
01 Jan 2024 12:25:25.373   151.0524394133814             4230.538636000138             5465.271073623881             
01 Jan 2024 12:26:59.394   -546.5099731024083            4334.182747006989             5357.169533966504             
01 Jan 2024 12:28:33.401   -1238.166034960145            4391.754774297249             5191.997439480887             
01 Jan 2024 12:30:07.382   -1916.470940083081            4402.644364755317             4971.54958240561              
01 Jan 2024 12:31:41.333   -2574.199818254954            4366.754957969324             4698.20549732497              
01 Jan 2024 12:33:15.253   -3204.367637600275            4284.489324340968             4374.903884549469             
01 Jan 2024 12:34:49.140   -3800.274983839314            4156.746760474439             4005.123017366534             
01 Jan 2024 12:36:22.992   -4355.604433683001            3984.911040900784             3592.831780032839             
01 Jan 2024 12:37:56.808   -4864.48554342583             3770.832028264471             3142.44339525774              
01 Jan 2024 12:39:30.591   -5321.549759365982            3516.805233208118             2658.769984463167             
01 Jan 2024 12:41:04.346   -5722.000892594818            3225.533689092405             2146.949056272606             
01 Jan 2024 12:42:38.076   -6061.632254367655            2900.112996094263             1612.418122767192             
01 Jan 2024 12:44:11.789   -6336.889036478462            2543.981303018693             1060.828714402801             
01 Jan 2024 12:45:45.491   -6544.883084198792            2160.89899000506              498.0149154843925             
01 Jan 2024 12:47:19.185   -6683.423645199186            1754.925287645729             -70.04757223699562            
01 Jan 2024 12:48:52.871   -6751.056533792669            1330.372820380806             -637.3135803563215            
01 Jan 2024 12:50:26.554   -6747.085364102106            891.7217334269242             -1197.78619039912             
01 Jan 2024 12:52:00.244   -6671.558800520303            443.5845870161525             -1745.55763262332             
01 Jan 2024 12:53:33.946   -6525.268017026985            -9.319204491969138            -2274.841495773853            
01 Jan 2024 12:55:07.662   -6309.758747598339            -462.1863781857306            -2780.006732243512            
01 Jan 2024 12:56:41.396   -6027.294766025596            -910.2443454660483            -3255.712003027024            
01 Jan 2024 12:58:15.154   -5680.839762497743            -1348.766103787953            -3696.918806088819            
01 Jan 2024 12:59:48.943   -5274.025889402783            -1773.121747120919            -4098.946829743521            
01 Jan 2024 13:01:22.765   -4811.119096142294            -2178.823561097398            -4457.519946888797            
01 Jan 2024 13:02:56.624   -4296.984243487077            -2561.567335787141            -4768.807260481777            
01 Jan 2024 13:04:30.518   -3737.052865224389            -2917.271242254518            -5029.461922228978            
01 Jan 2024 13:06:04.450   -3137.231204946485            -3242.14659854472             -5236.679966295885            
01 Jan 2024 13:07:38.416   -2503.874894087229            -3532.715364006177            -5388.214065251229            
01 Jan 2024 13:09:12.413   -1843.714980787242            -3785.857673400764            -5482.408784800287            
01 Jan 2024 13:10:46.426   -1163.85550495815             -3998.829875939388            -5518.222949948119            
01 Jan 2024 13:12:20.445   -471.5969626718972            -4169.341867220691            -5495.267233988199            
01 Jan 2024 13:13:54.447   225.552070961122              -4295.561109714               -5413.813368226784            
01 Jan 2024 13:15:28.425   920.1254673281844             -4376.170771597323            -5274.781213449738            
01 Jan 2024 13:17:02.380   1604.778959934526             -4410.354719580342            -5079.691720352233            
01 Jan 2024 13:18:36.321   2272.310942790175             -4397.779990602307            -4830.637083547982            
01 Jan 2024 13:20:10.243   2915.634084571846             -4338.601552813665            -4530.296605578284            
01 Jan 2024 13:21:44.147   3527.947164906063             -4233.466714511464            -4181.882212917016            
01 Jan 2024 13:23:18.041   4102.81654970712              -4083.494911163834            -3789.08392105242             
01 Jan 2024 13:24:51.928   4634.180306697242             -3890.272443866132            -3356.061439236914            
01 Jan 2024 13:26:25.816   5116.443017652235             -3655.828146756583            -2887.379668369771            
01 Jan 2024 13:27:59.702   5544.474492019998             -3382.644527420859            -2388.023167204198            
01 Jan 2024 13:29:33.580   5913.709541044282             -3073.632647202029            -1863.328863188145            
01 Jan 2024 13:31:07.456   6220.252368190198             -2732.054125867332            -1318.849414521072            
01 Jan 2024 13:32:41.337   6460.872614354693             -2361.491488421036            -760.3163250827565            
01 Jan 2024 13:34:15.232   6633.01270562888              -1965.831423135922            -193.6156403346493            
01 Jan 2024 13:35:49.125   6734.801792619664             -1549.335305982761            375.1269686948661             
01 Jan 2024 13:37:23.016   6765.167705572185             -1116.41540991987             939.8721811461339             
01 Jan 2024 13:38:56.912   6723.791408658826             -671.636750139748             1494.649055127574             
01 Jan 2024 13:40:30.802   6611.125483144777             -219.7645999378986            2033.501025390398             
01 Jan 2024 13:42:04.682   6428.399652749546             234.3842225576778             2550.678525194542             
01 Jan 2024 13:43:38.556   6177.570234596716             686.0229129212782             3040.725980323299             
01 Jan 2024 13:45:12.435   5861.28168604481              1130.416247350174             3498.496233040075             
01 Jan 2024 13:46:46.319   5482.885911195702             1562.859537130917             3919.130685644372             
01 Jan 2024 13:48:20.205   5046.411177085247             1978.756996251485             4298.148998707553             
01 Jan 2024 13:49:54.097   4556.46408572651              2373.72403340911              4631.545868955964             
01 Jan 2024 13:51:27.995   4018.226615834027             2743.580356802493             4915.781409463115             
01 Jan 2024 13:53:01.904   3437.368536271561             3084.420259414015             5147.84055883805              
01 Jan 2024 13:54:35.825   2820.026297065406             3392.627002740345             5325.244264358535             
01 Jan 2024 13:56:09.763   2172.684402953888             3664.939385021576             5446.093137282178             
01 Jan 2024 13:57:43.720   1502.169415662068             3898.452915898838             5509.066967464594             
01 Jan 2024 13:59:17.703   815.5452311180705             4090.667360800676             5513.448832278463             
01 Jan 2024 14:00:51.711   120.0665735549979             4239.50411177656              5459.131017856764             
01 Jan 2024 14:02:25.732   -576.7718660448809            4343.318017645898             5346.647498897288             
01 Jan 2024 14:03:59.737   -1267.369786495308            4400.962735317786             5177.210305565837             
01 Jan 2024 14:05:33.715   -1944.303643582101            4411.829626329438             4952.659804863919             
01 Jan 2024 14:07:07.663   -2600.364736691438            4375.823121336807             4675.419604193144             
01 Jan 2024 14:08:41.580   -3228.584386127567            4293.348265794537             4348.471577680666             
01 Jan 2024 14:10:15.463   -3822.292241729317            4165.305902006898             3975.328973097401             
01 Jan 2024 14:11:49.311   -4375.195994911114            3993.081914222883             3559.994345218803             
01 Jan 2024 14:13:23.124   -4881.44191320744             3778.533680915271             3106.920641901643             
01 Jan 2024 14:14:56.903   -5335.69641086551             3523.960054906922             2620.943764405229             
01 Jan 2024 14:16:30.654   -5733.191961531961            3232.071286330896             2107.227604060557             
01 Jan 2024 14:18:04.380   -6069.760472131485            2905.963473282157             1571.219280915998             
01 Jan 2024 14:19:38.090   -6341.87270586428             2549.087874143749             1018.59566016391              
01 Jan 2024 14:21:11.791   -6546.680664652281            2165.200911599537             455.1841078983149             
01 Jan 2024 14:22:45.486   -6682.022056542694            1758.371347198974             -113.0302407303409            
01 Jan 2024 14:24:19.174   -6746.473468730172            1332.917976739716             -680.003309624869             
01 Jan 2024 14:25:52.861   -6739.368096502093            893.3331858547572             -1239.736482944795            
01 Jan 2024 14:27:26.553   -6660.788105836014            444.2515613523556             -1786.314405707693            
01 Jan 2024 14:29:00.256   -6511.560828275469            -9.595354880594346            -2313.961858118938            
01 Jan 2024 14:30:33.972   -6293.263330384553            -463.4010469272868            -2817.073835637691            
01 Jan 2024 14:32:07.705   -6008.192478468721            -912.3790497773464            -3290.326829303764            
01 Jan 2024 14:33:41.463   -5659.337708005772            -1351.797962443015            -3728.714285874144            
01 Jan 2024 14:35:15.250   -5250.355987556621            -1777.019407684754            -4127.586595573232            
01 Jan 2024 14:36:49.071   -4785.53548417364             -2183.547205461343            -4482.701396588069            
01 Jan 2024 14:38:22.930   -4269.759854203401            -2567.069307430579            -4790.264816131886            
01 Jan 2024 14:39:56.827   -3708.460662410476            -2923.50535545454             -5046.975664621471            
01 Jan 2024 14:41:30.760   -3107.571465953918            -3249.04762402208             -5250.061723711461            
01 Jan 2024 14:43:04.730   -2473.457888796808            -3540.210711333544            -5397.318663518616            
01 Jan 2024 14:44:38.729   -1812.869790400753            -3793.863568019582            -5487.134168028617            
01 Jan 2024 14:46:12.742   -1132.923613466263            -4007.255958953745            -5518.51562684108             
01 Jan 2024 14:47:46.762   -440.8933363415639            -4178.101577816424            -5491.122246955199            
01 Jan 2024 14:49:20.764   255.6884457489653             -4304.557286161876            -5405.274425430122            
01 Jan 2024 14:50:54.744   949.3890444045024             -4385.308216813152            -5261.93515133528             
01 Jan 2024 14:52:28.703   1632.867832846175             -4419.533469398588            -5062.668789963858            
01 Jan 2024 14:54:02.646   2298.922007776976             -4406.898144445068            -4809.614490182501            
01 Jan 2024 14:55:36.570   2940.478425413217             -4347.558555996563            -4505.495609685356            
01 Jan 2024 14:57:10.476   3550.759576144945             -4242.163546076269            -4153.562187180053            
01 Jan 2024 14:58:44.370   4123.339757406351             -4091.839098504165            -3757.551064121625            
01 Jan 2024 15:00:18.259   4652.200036057297             -3898.171134689016            -3321.644092246591            
01 Jan 2024 15:01:52.146   5131.757571109409             -3663.198611824327            -2850.448625352709            
01 Jan 2024 15:03:26.033   5556.927552676353             -3389.40100474887             -2348.959202466737            
01 Jan 2024 15:04:59.911   5923.159506920819             -3079.705618940296            -1822.553691728056            
01 Jan 2024 15:06:33.786   6226.596606571826             -2737.377171505516            -1276.795070822639            
01 Jan 2024 15:08:07.666   6464.039051921874             -2366.009777552097            -717.4339142435629            
01 Jan 2024 15:09:41.559   6632.963663633856             -1969.501983812343            -150.3691872479075            
01 Jan 2024 15:11:15.452   6731.540384319647             -1552.106178604075            418.2947988748968             
01 Jan 2024 15:12:49.343   6758.725108113726             -1118.257945334423            982.4999505271815             
01 Jan 2024 15:14:23.238   6714.23356334786              -672.5332097326865            1536.280177453245             
01 Jan 2024 15:15:57.130   6598.547818899817             -219.6917600100955            2073.708423747894             
01 Jan 2024 15:17:31.011   6412.931240167947             235.4238113224656             2589.031505115985             
01 Jan 2024 15:19:04.887   6159.370262269942             688.0184518971992             3076.816211307393             
01 Jan 2024 15:20:38.765   5840.547659343547             1133.334505996881             3531.927082287201             
01 Jan 2024 15:22:12.650   5459.831724374963             1566.674349420994             3949.551755889535             
01 Jan 2024 15:23:46.536   5021.281663718257             1983.42481458848              4325.234402713919             
01 Jan 2024 15:25:20.428   4529.525187437246             2379.193889744718             4655.006900115231             
01 Jan 2024 15:26:54.328   3989.755803818682             2749.797937322393             4935.371756190752             
01 Jan 2024 15:28:28.237   3407.676742328148             3091.312025850472             5163.346577459249             
01 Jan 2024 15:30:02.159   2789.412620366539             3400.126360398984             5336.504738571007             
01 Jan 2024 15:31:36.095   2141.506916896101             3672.950952524598             5452.98060414609              
01 Jan 2024 15:33:10.047   1470.780910704153             3906.886732880727             5511.509995515688             
01 Jan 2024 15:34:44.023   784.2833327543378             4099.437490867953             5511.427482071167             
01 Jan 2024 15:36:18.027   89.25039838211559             4248.524714373969             5452.671073862573             
01 Jan 2024 15:37:52.048   -606.8471456521316            4352.500035168231             5335.815052642944             
01 Jan 2024 15:39:26.053   -1296.385089994359            4410.207257557548             5162.120209782453             
01 Jan 2024 15:41:00.030   -1971.945313134457            4421.037003290289             4933.474622899583             
01 Jan 2024 15:42:33.975   -2626.320922578188            4384.896425516102             4652.352957997445             
01 Jan 2024 15:44:07.885   -3252.561047362135            4302.196445442571             4321.78392321382              
01 Jan 2024 15:45:41.762   -3844.042669311477            4173.838887565113             3945.307857233007             
01 Jan 2024 15:47:15.607   -4394.505060489406            4001.209177965359             3526.954826407256             
01 Jan 2024 15:48:49.418   -4898.122279172486            3786.164206066007             3071.202844817624             
01 Jan 2024 15:50:23.196   -5349.573094417387            3531.011779863503             2582.926240503878             
01 Jan 2024 15:51:56.944   -5744.11271001833             3238.473508146867             2067.322166610145             
01 Jan 2024 15:53:30.668   -6077.608320450834            2911.652461232301             1529.856195292715             
01 Jan 2024 15:55:04.374   -6346.567915737966            2554.004302411939             976.2147603337693             
01 Jan 2024 15:56:38.070   -6548.17293364596             2169.302599863826             412.2487691705206             
01 Jan 2024 15:58:11.764   -6680.306391736614            1761.598471163424             -156.088410178342             
01 Jan 2024 15:59:45.453   -6741.569217506197            1335.228970308968             -722.7364659485761            
01 Jan 2024 16:01:19.143   -6731.324579552706            894.6931710035376             -1281.702743552668            
01 Jan 2024 16:02:52.839   -6649.685352331937            444.6436455849835             -1827.068973394079            
01 Jan 2024 16:04:26.546   -6497.510605736535            -10.17744368313688            -2353.071984009674            
01 Jan 2024 16:06:00.265   -6276.411397696254            -464.9471675604752            -2854.117410229288            
01 Jan 2024 16:07:34.002   -5988.712425752996            -914.8739992914821            -3324.909459796583            
01 Jan 2024 16:09:07.763   -5637.429825065402            -1355.216983499106            -3760.467700420111            
01 Jan 2024 16:10:41.554   -5226.250955714545            -1781.322416990423            -4156.166914129663            
01 Jan 2024 16:12:15.377   -4759.493588532616            -2188.680962579796            -4507.795587218322            
01 Jan 2024 16:13:49.237   -4242.056129964382            -2572.978608615404            -4811.603270505033            
01 Jan 2024 16:15:23.136   -3679.389199628162            -2930.126015865899            -5064.328021344458            
01 Jan 2024 16:16:57.072   -3077.431631403369            -3256.312840097977            -5263.242855163047            
01 Jan 2024 16:18:31.045   -2442.561631914194            -3548.04426570646             -5406.184916903436            
01 Jan 2024 16:20:05.043   -1781.576044092794            -3802.168039238802            -5491.5826556572              
01 Jan 2024 16:21:39.057   -1101.5550189393              -4015.946659062899            -5518.499174519458            
01 Jan 2024 16:23:13.078   -409.7801434391957            -4187.086000546559            -5486.639211680459            
01 Jan 2024 16:24:47.079   286.2055700048334             -4313.736976402916            -5396.373007944623            
01 Jan 2024 16:26:21.057   978.9757077465619             -4394.584476262074            -5248.713004119939            
01 Jan 2024 16:27:55.014   1661.21640634643              -4428.808833797629            -5045.265967393135            
01 Jan 2024 16:29:28.957   2325.740248535997             -4416.073648496275            -4788.212278819293            
01 Jan 2024 16:31:02.882   2965.489480830266             -4356.534380993601            -4480.315614066684            
01 Jan 2024 16:32:36.790   3573.700585448642             -4250.840946443524            -4124.866455789868            
01 Jan 2024 16:34:10.688   4143.975917651335             -4100.1192702063              -3725.632362977826            
01 Jan 2024 16:35:44.578   4670.29805886909              -3905.965314721388            -3286.844911370035            
01 Jan 2024 16:37:18.465   5147.112285862551             -3670.426182913882            -2813.145414835121            
01 Jan 2024 16:38:52.354   5569.380856221223             -3395.978816981265            -2309.537767949901            
01 Jan 2024 16:40:26.236   5932.580235299004             -3085.556781751019            -1781.423362414262            
01 Jan 2024 16:42:00.113   6232.876071822719             -2742.440414631028            -1234.397037978352            
01 Jan 2024 16:43:33.994   6467.103734696961             -2370.233545657908            -674.2240965218326            
01 Jan 2024 16:45:07.888   6632.777715459058             -1972.840508178272            -106.8072158491022            
01 Jan 2024 16:46:41.781   6728.103125412355             -1554.525390767705            461.7424337356578             
01 Jan 2024 16:47:28.000   6748.852385048461             -1342.272710567836            740.1800529447509             
