Starlink_orbit2_11.UTCGregorian   Starlink_orbit2_11.EarthMJ2000Eq.X   Starlink_orbit2_11.EarthMJ2000Eq.Y   Starlink_orbit2_11.EarthMJ2000Eq.Z   
01 Jan 2024 11:59:28.000          -2601.619717209307                   1944.902325578521                    6111.396795413219                    
01 Jan 2024 12:00:28.000          -2574.184740026035                   1510.392592945935                    6244.430543995605                    
01 Jan 2024 12:01:57.255          -2512.900318712715                   852.5527656519223                    6392.271134534817                    
01 Jan 2024 12:03:30.632          -2423.17261988743                    155.7401554670884                    6481.559436329507                    
01 Jan 2024 12:05:04.463          -2307.567964763989                   -546.0784241697435                   6503.037225330259                    
01 Jan 2024 12:06:38.337          -2167.610274714505                   -1242.472218798222                   6455.857940238521                    
01 Jan 2024 12:08:12.213          -2004.821807001816                   -1925.794308409551                   6340.501720175436                    
01 Jan 2024 12:09:46.094          -1820.911281488973                   -2588.869860557836                   6158.181934799626                    
01 Jan 2024 12:11:19.980          -1617.810490590951                   -3224.719513420949                   5910.812339224271                    
01 Jan 2024 12:12:53.869          -1397.661759573125                   -3826.620956406202                   5601.002330683838                    
01 Jan 2024 12:14:27.759          -1162.787023062866                   -4388.214746996299                   5232.02341619826                     
01 Jan 2024 12:16:01.655          -915.6433580636236                   -4903.608868103063                   4807.738312252423                    
01 Jan 2024 12:17:35.562          -658.8214942256213                   -5367.372584801044                   4332.593742638799                    
01 Jan 2024 12:19:09.483          -395.0126199091637                   -5774.610597618313                   3811.565545477756                    
01 Jan 2024 12:20:43.421          -126.9883491558238                   -6121.003574971313                   3250.123400953174                    
01 Jan 2024 12:22:17.380          142.4367634141004                    -6402.869161551234                   2654.157984772792                    
01 Jan 2024 12:23:51.365          410.4323865291499                    -6617.195672363211                   2029.92306283588                     
01 Jan 2024 12:25:25.373          674.1593614103663                    -6761.663066828283                   1384.026291643318                    
01 Jan 2024 12:26:59.394          930.7962827437553                    -6834.69546433165                    723.3817980098912                    
01 Jan 2024 12:28:33.401          1177.564681685481                    -6835.517410594687                   55.16828797226059                    
01 Jan 2024 12:30:07.382          1411.834389456792                    -6764.186117206956                   -613.4415414528029                   
01 Jan 2024 12:31:41.333          1631.142450756896                    -6621.546889164345                   -1275.353844887575                   
01 Jan 2024 12:33:15.253          1833.197233131157                    -6409.203554972403                   -1923.57921104391                    
01 Jan 2024 12:34:49.140          2015.892863842264                    -6129.503321353464                   -2551.279367480279                   
01 Jan 2024 12:36:22.992          2177.338914839772                    -5785.500136213946                   -3151.865387479598                   
01 Jan 2024 12:37:56.808          2315.877791613934                    -5380.912302604657                   -3719.065287111721                   
01 Jan 2024 12:39:30.591          2430.097944533234                    -4920.078784387468                   -4246.980900115192                   
01 Jan 2024 12:41:04.346          2518.849219814096                    -4407.886569933796                   -4730.164238984822                   
01 Jan 2024 12:42:38.076          2581.24371889937                     -3849.742933355607                   -5163.633277339998                   
01 Jan 2024 12:44:11.789          2616.666412790918                    -3251.487991815104                   -5542.942423778852                   
01 Jan 2024 12:45:45.491          2624.774645150427                    -2619.362057990294                   -5864.196889970683                   
01 Jan 2024 12:47:19.185          2605.502982877417                    -1959.967764278774                   -6124.084006254546                   
01 Jan 2024 12:48:52.871          2559.067858093033                    -1280.197817118155                   -6319.920212582164                   
01 Jan 2024 12:50:26.554          2485.960149243744                    -587.1024882628089                   -6449.693823221099                   
01 Jan 2024 12:52:00.244          2386.93521525221                     112.1574288173591                    -6512.060378320438                   
01 Jan 2024 12:53:33.946          2263.008676041882                    810.3433909479176                    -6506.346789191227                   
01 Jan 2024 12:55:07.662          2115.458258184971                    1500.169572199101                    -6432.570810481555                   
01 Jan 2024 12:56:41.396          1945.794708270372                    2174.47253214858                     -6291.44244261631                    
01 Jan 2024 12:58:15.154          1755.755703646631                    2826.22661377901                     -6084.354656230147                   
01 Jan 2024 12:59:48.943          1547.289503793123                    3448.616930970472                    -5813.37350434971                    
01 Jan 2024 13:01:22.765          1322.53863579982                     4035.10347995357                     -5481.224086026453                   
01 Jan 2024 13:02:56.624          1083.824015464382                    4579.481066577508                    -5091.275672683216                   
01 Jan 2024 13:04:30.518          833.6300924737548                    5075.937550124301                    -4647.528776371978                   
01 Jan 2024 13:06:04.450          574.5638362281296                    5519.15725822818                     -4154.552595681608                   
01 Jan 2024 13:07:38.416          309.3446694210901                    5904.349587186686                    -3617.470975508374                   
01 Jan 2024 13:09:12.413          40.77214586144331                    6227.32052611396                     -3041.908274945764                   
01 Jan 2024 13:10:46.426          -228.2776012660966                   6484.506644772527                    -2433.995463875095                   
01 Jan 2024 13:12:20.445          -494.9256915436663                   6673.082671695796                    -1800.220407885989                   
01 Jan 2024 13:13:54.447          -756.2881345906005                   6790.974872753309                    -1147.440191718697                   
01 Jan 2024 13:15:28.425          -1009.573193729342                   6836.928468990291                    -482.648612456387                    
01 Jan 2024 13:17:02.380          -1252.108172771138                   6810.478115216995                    187.1107520499867                    
01 Jan 2024 13:18:36.321          -1481.345523417623                   6711.919772882004                    854.7747535325815                    
01 Jan 2024 13:20:10.243          -1694.855267520623                   6542.322164890157                    1513.235151132333                    
01 Jan 2024 13:21:44.147          -1890.386404586292                   6303.512640003067                    2155.512104459805                    
01 Jan 2024 13:23:18.041          -2065.892717018663                   5998.033383189269                    2774.845123420032                    
01 Jan 2024 13:24:51.928          -2219.533647692392                   5629.129491469334                    3364.701453300152                    
01 Jan 2024 13:26:25.816          -2349.703090640636                   5200.695561123063                    3918.879610602943                    
01 Jan 2024 13:27:59.702          -2455.030010576208                   4717.289658974767                    4431.504876345339                    
01 Jan 2024 13:29:33.580          -2534.407966463847                   4184.078133039606                    4897.13563479065                     
01 Jan 2024 13:31:07.456          -2587.017672631428                   3606.696696736583                    5310.890125692533                    
01 Jan 2024 13:32:41.337          -2612.319524823269                   2991.201799223576                    5668.449304972271                    
01 Jan 2024 13:34:15.232          -2610.05207936183                    2344.042165525998                    5966.066341092301                    
01 Jan 2024 13:35:49.125          -2580.246570059397                   1672.168924854587                    6200.554539913711                    
01 Jan 2024 13:37:23.016          -2523.229623285119                   982.6689841763134                    6369.466995052138                    
01 Jan 2024 13:38:56.912          -2439.607143761085                   282.7753763162139                    6471.048144793935                    
01 Jan 2024 13:40:30.802          -2330.277834073608                   -420.0568869082377                   6504.234952609204                    
01 Jan 2024 13:42:04.682          -2196.412066102205                   -1118.383961925509                   6468.70905164835                     
01 Jan 2024 13:43:38.556          -2039.42225603802                    -1804.89335155113                    6364.872747801621                    
01 Jan 2024 13:45:12.435          -1860.947069801331                   -2472.430775112692                   6193.81871340398                     
01 Jan 2024 13:46:46.319          -1662.86241802345                    -3113.966771275901                   5957.344059517381                    
01 Jan 2024 13:48:20.205          -1447.259660448053                   -3722.715720739493                   5657.946914345338                    
01 Jan 2024 13:49:54.097          -1216.39692010055                    -4292.286012115403                   5298.764602258605                    
01 Jan 2024 13:51:27.995          -972.7000942934314                   -4816.669115619711                   4883.571052583897                    
01 Jan 2024 13:53:01.904          -718.7223421137974                   -5290.342075373587                   4416.714725749112                    
01 Jan 2024 13:54:35.825          -457.1349325557314                   -5708.289733238037                   3903.10394445259                     
01 Jan 2024 13:56:09.763          -190.6758735834032                   -6066.098914722401                   3348.111420332716                    
01 Jan 2024 13:57:43.720          77.85266780726833                    -6359.961952914245                   2757.568604379284                    
01 Jan 2024 13:59:17.703          345.6286258381935                    -6586.742171208994                   2137.676013264944                    
01 Jan 2024 14:00:51.711          609.8296628739458                    -6743.997596351063                   1494.96077678531                     
01 Jan 2024 14:02:25.732          867.6188291398956                    -6830.00572238395                    836.3267424837848                    
01 Jan 2024 14:03:59.737          1116.202023812655                    -6843.851101553072                   168.9392615205636                    
01 Jan 2024 14:05:33.715          1352.932563863796                    -6785.453347202524                   -500.0456064166002                   
01 Jan 2024 14:07:07.663          1575.320911513471                    -6655.521010996302                   -1163.529409714507                   
01 Jan 2024 14:08:41.580          1781.04134691955                     -6455.525171902413                   -1814.502115511734                   
01 Jan 2024 14:10:15.463          1967.950799301779                    -6187.680673475923                   -2446.102301324539                   
01 Jan 2024 14:11:49.311          2134.113684898982                    -5854.915288921911                   -3051.69925608415                    
01 Jan 2024 14:13:23.124          2277.819169599538                    -5460.836730049887                   -3624.955541135735                   
01 Jan 2024 14:14:56.903          2397.602865938749                    -5009.671944482245                   -4159.914473707314                   
01 Jan 2024 14:16:30.654          2492.255885029801                    -4506.211292085722                   -4651.051026575892                   
01 Jan 2024 14:18:04.380          2560.830100732796                    -3955.762562111781                   -5093.30784777592                    
01 Jan 2024 14:19:38.090          2602.644806121671                    -3364.097797115401                   -5482.138380787365                   
01 Jan 2024 14:21:11.791          2617.291795358497                    -2737.371115001054                   -5813.559183650736                   
01 Jan 2024 14:22:45.486          2604.636097201957                    -2082.132396096546                   -6084.145803290352                   
01 Jan 2024 14:24:19.174          2564.823905558927                    -1405.227873662156                   -6291.100784987084                   
01 Jan 2024 14:25:52.861          2498.276869960542                    -713.683701497442                    -6432.292546533657                   
01 Jan 2024 14:27:26.553          2405.684920691992                    -14.66414566977383                   -6506.255501736292                   
01 Jan 2024 14:29:00.256          2287.99910888084                     684.5919652060416                    -6512.20029798386                    
01 Jan 2024 14:30:33.972          2146.431405591062                    1376.798959199422                    -6450.026226054592                   
01 Jan 2024 14:32:07.705          1982.432526086452                    2054.763928202051                    -6320.325999963241                   
01 Jan 2024 14:33:41.463          1797.679874385528                    2711.43306363029                     -6124.374555719774                   
01 Jan 2024 14:35:15.250          1594.066096546793                    3339.944162241151                    -5864.12233000335                    
01 Jan 2024 14:36:49.071          1373.682191470577                    3933.697236880008                    -5542.182146155255                   
01 Jan 2024 14:38:22.930          1138.801805718727                    4486.415565723336                    -5161.814822260856                   
01 Jan 2024 14:39:56.827          891.8603266172291                    4992.216235851136                    -4726.905036098803                   
01 Jan 2024 14:41:30.760          635.4350895883078                    5445.672178125089                    -4241.936216048243                   
01 Jan 2024 14:43:04.730          372.2154069427609                    5841.887140027708                    -3711.943789767482                   
01 Jan 2024 14:44:38.729          104.9822114098143                    6176.546218616011                    -3142.48312412845                    
01 Jan 2024 14:46:12.742          -163.4015816418992                   6445.961334514068                    -2539.62415244642                    
01 Jan 2024 14:47:46.762          -430.0763955959384                   6647.187462007231                    -1909.773536206311                   
01 Jan 2024 14:49:20.764          -692.1485264775749                   6778.005459793984                    -1259.767899304376                   
01 Jan 2024 14:50:54.744          -946.8291430151211                   6837.025833780583                    -596.5445879681276                   
01 Jan 2024 14:52:28.703          -1191.428312451359                   6823.639163624481                    72.8655230397964                     
01 Jan 2024 14:54:02.646          -1423.371578304355                   6738.001346917958                    741.3902217324888                    
01 Jan 2024 14:55:36.570          -1640.199340326072                   6581.043465677272                    1401.910119576653                    
01 Jan 2024 14:57:10.476          -1839.626520970616                   6354.456870173471                    2047.427744961351                    
01 Jan 2024 14:58:44.370          -2019.560979434002                   6060.661427320455                    2671.132558357901                    
01 Jan 2024 15:00:18.259          -2178.120778389442                   5702.77000074012                     3266.464579077853                    
01 Jan 2024 15:01:52.146          -2313.6433954799                     5284.571070888582                    3827.147770147907                    
01 Jan 2024 15:03:26.033          -2424.705118871096                   4810.499017133377                    4347.256730354977                    
01 Jan 2024 15:04:59.911          -2510.133793266203                   4285.638374889508                    4821.249656887956                    
01 Jan 2024 15:06:33.786          -2569.048049627854                   3715.530704464858                    5244.164236591597                    
01 Jan 2024 15:08:07.666          -2600.841911239029                   3106.163286607036                    5611.581381764541                    
01 Jan 2024 15:09:41.559          -2605.186746287492                   2463.926552412693                    5919.65042302393                     
01 Jan 2024 15:11:15.452          -2582.042535662189                   1795.690285981008                    6165.084765328479                    
01 Jan 2024 15:12:49.343          -2531.66569887312                    1108.526244633744                    6345.311283502353                    
01 Jan 2024 15:14:23.238          -2454.593312917542                   409.6451090061275                    6458.456710844874                    
01 Jan 2024 15:15:57.130          -2351.651073004324                   -293.5327956661876                   6503.3367302499                      
01 Jan 2024 15:17:31.011          -2223.944673642676                   -993.5352762639872                   6479.505418059591                    
01 Jan 2024 15:19:04.887          -2072.821956059488                   -1683.035053187756                   6387.243255427748                    
01 Jan 2024 15:20:38.765          -1899.865769940403                   -2354.828268291491                   6227.527797079076                    
01 Jan 2024 15:22:12.650          -1706.888090177718                   -3001.866797446938                   6002.032530478752                    
01 Jan 2024 15:23:46.536          -1495.929668697185                   -3617.295680940148                   5713.143083665504                    
01 Jan 2024 15:25:20.428          -1269.199457824705                   -4194.656318934619                   5363.88632879331                     
01 Jan 2024 15:26:54.328          -1029.076385182365                   -4727.86630993689                    4957.925714822137                    
01 Jan 2024 15:28:28.237          -778.0835070681339                   -5211.294580647204                   4499.525527428591                    
01 Jan 2024 15:30:02.159          -518.8496984710555                   -5639.843775000611                   3993.484636555318                    
01 Jan 2024 15:31:36.095          -254.1081893628007                   -6008.959568112109                   3445.136539088227                    
01 Jan 2024 15:33:10.047          13.36295319503007                    -6314.731775984558                   2860.234128809116                    
01 Jan 2024 15:34:44.023          280.7607169126956                    -6553.910529674613                   2244.902855907882                    
01 Jan 2024 15:36:18.027          545.2739991039939                    -6723.927423623598                   1605.604401240392                    
01 Jan 2024 15:37:52.048          804.069639970351                     -6822.920107707246                   949.1855092012876                    
01 Jan 2024 15:39:26.053          1054.330129977965                    -6849.821829003142                   282.8164654320488                    
01 Jan 2024 15:41:00.030          1293.388021546226                    -6804.412314599798                   -386.3504959301409                   
01 Jan 2024 15:42:33.975          1518.723953871953                    -6687.266832405401                   -1051.199637431223                   
01 Jan 2024 15:44:07.885          1727.980570415806                    -6499.728151876038                   -1704.702730970224                   
01 Jan 2024 15:45:41.762          1918.985448625258                    -6243.875136253074                   -2339.996041137702                   
01 Jan 2024 15:47:15.607          2089.761099225973                    -5922.503139361608                   -2950.416816599774                   
01 Jan 2024 15:48:49.418          2238.547203952845                    -5539.093334601112                   -3529.578038311265                   
01 Jan 2024 15:50:23.196          2363.820410309423                    -5097.769595056482                   -4071.442231391243                   
01 Jan 2024 15:51:56.944          2464.31229037634                     -4603.230182059182                   -4570.401809178847                   
01 Jan 2024 15:53:30.668          2539.015091236527                    -4060.691563505127                   -5021.320715233413                   
01 Jan 2024 15:55:04.374          2587.185604283924                    -3475.839841428961                   -5419.567450889912                   
01 Jan 2024 15:56:38.070          2608.349840582409                    -2854.774412366202                   -5761.053815606771                   
01 Jan 2024 15:58:11.764          2602.305772381074                    -2203.944892890843                   -6042.271449000172                   
01 Jan 2024 15:59:45.453          2569.128710961885                    -1530.167132346498                   -6260.299335513811                   
01 Jan 2024 16:01:19.143          2509.170163548986                    -840.4307778147358                   -6412.888895373233                   
01 Jan 2024 16:02:52.839          2423.052313454876                    -141.8938007559517                   -6498.451652540209                   
01 Jan 2024 16:04:26.546          2311.659283973598                    558.2100677751712                    -6516.077954624017                   
01 Jan 2024 16:06:00.265          2176.13938978559                     1252.578232278941                    -6465.546315396863                   
01 Jan 2024 16:07:34.002          2017.879329022067                    1934.004818089087                    -6347.329076296414                   
01 Jan 2024 16:09:07.763          1838.496367623962                    2595.402771124577                    -6162.581271377964                   
01 Jan 2024 16:10:41.554          1639.8292778392                      3229.854838894232                    -5913.139272822367                   
01 Jan 2024 16:12:15.377          1423.919563330209                    3830.696459489943                    -5601.507600914502                   
01 Jan 2024 16:13:49.237          1192.990240365161                    4391.590067383951                    -5230.835126644655                   
01 Jan 2024 16:15:23.136          949.4346253997844                    4906.569050043543                    -4804.904527398156                   
01 Jan 2024 16:16:57.072          695.7890289902487                    5370.119712171086                    -4328.095370428313                   
01 Jan 2024 16:18:31.045          434.7125112265348                    5777.238094748092                    -3805.354833235137                   
01 Jan 2024 16:20:05.043          168.977182374283                     6123.475292907052                    -3242.191748428022                   
01 Jan 2024 16:21:39.057          -98.58831831645182                   6405.045308137705                    -2644.572069604242                   
01 Jan 2024 16:23:13.078          -365.1316430861725                   6618.869185054496                    -2018.849546721032                   
01 Jan 2024 16:24:47.079          -627.7564253839168                   6762.587854915811                    -1371.826258805063                   
01 Jan 2024 16:26:21.057          -883.6685868467944                   6834.676674304349                    -710.4074120857781                   
01 Jan 2024 16:27:55.014          -1130.171687390844                   6834.389093646351                    -41.58785362030054                   
01 Jan 2024 16:29:28.957          -1364.671945502654                   6761.738894311983                    627.570064702225                     
01 Jan 2024 16:31:02.882          -1584.681907567852                   6617.514465392082                    1289.94037893404                     
01 Jan 2024 16:32:36.790          -1787.880467955621                   6403.269459641705                    1938.501007659144                    
01 Jan 2024 16:34:10.688          -1972.136963315849                   6121.286471946436                    2566.416032048147                    
01 Jan 2024 16:35:44.578          -2135.515996851283                   5774.563812106112                    3167.05518527064                     
01 Jan 2024 16:37:18.465          -2276.304413988961                   5366.77587420969                     3734.085404784145                    
01 Jan 2024 16:38:52.354          -2393.027514575321                   4902.231644511755                    4261.533999763864                    
01 Jan 2024 16:40:26.236          -2484.450413092705                   4385.913328030816                    4743.775156412599                    
01 Jan 2024 16:42:00.113          -2549.625665997366                   3823.286737608675                    5175.745486908713                    
01 Jan 2024 16:43:33.994          -2587.882174224905                   3220.263874860354                    5552.931133298524                    
01 Jan 2024 16:45:07.888          -2598.824331454477                   2583.164662107213                    5871.383028198527                    
01 Jan 2024 16:46:41.781          -2582.341892489694                   1918.808725521782                    6127.702296226672                    
01 Jan 2024 16:47:28.000          -2564.201476320001                   1583.902611412405                    6230.209837714835                    
