Starlink_15.UTCGregorian   Starlink_15.EarthMJ2000Eq.X   Starlink_15.EarthMJ2000Eq.Y   Starlink_15.EarthMJ2000Eq.Z   
01 Jan 2024 11:59:28.000   -3010.813586646461            -6157.43428880672             959.8153601044379             
01 Jan 2024 12:00:28.000   -2777.905972294215            -6310.576222370471            599.8639280513015             
01 Jan 2024 12:01:57.255   -2409.484170802033            -6487.629886321931            60.05767931399372             
01 Jan 2024 12:03:30.632   -1999.389300983705            -6606.285819261132            -505.2115877718614            
01 Jan 2024 12:05:04.463   -1566.184669240487            -6655.711623698701            -1067.861465555609            
01 Jan 2024 12:06:38.337   -1116.178725117348            -6634.61457192891             -1619.421945176344            
01 Jan 2024 12:08:12.213   -654.3310173430226            -6543.180107731198            -2153.776787398717            
01 Jan 2024 12:09:46.094   -185.5228483401974            -6382.373677419331            -2665.262353416312            
01 Jan 2024 12:11:19.980   285.2814223140051             -6153.895014812441            -3148.446023529222            
01 Jan 2024 12:12:53.869   753.0763713892625             -5860.173588527798            -3598.176811680437            
01 Jan 2024 12:14:27.759   1212.893215791187             -5504.335739314717            -4009.667620814393            
01 Jan 2024 12:16:01.655   1659.887060377476             -5090.133300505898            -4378.571844555949            
01 Jan 2024 12:17:35.562   2089.335471716732             -4621.933256923277            -4700.977131761266            
01 Jan 2024 12:19:09.483   2496.700654981146             -4104.662170717533            -4973.457858310982            
01 Jan 2024 12:20:43.421   2877.664249191624             -3543.770105151933            -5193.102297732024            
01 Jan 2024 12:22:17.380   3228.18549559582              -2945.157810976486            -5357.552179258026            
01 Jan 2024 12:23:51.365   3544.537687864575             -2315.11913917083             -5465.022055998348            
01 Jan 2024 12:25:25.373   3823.322463123634             -1660.333710768706            -5514.313907167036            
01 Jan 2024 12:26:59.394   4061.515295767042             -987.822492784044             -5504.853733833467            
01 Jan 2024 12:28:33.401   4256.5122591457               -304.9096970213587            -5436.732586127779            
01 Jan 2024 12:30:07.382   4406.228965294401             381.0497571328015             -5310.705737987418            
01 Jan 2024 12:31:41.333   4509.094448712411             1062.743675294027             -5128.151513791984            
01 Jan 2024 12:33:15.253   4564.041530775908             1732.927697774699             -4891.047727698994            
01 Jan 2024 12:34:49.140   4570.513185661036             2384.472364527893             -4601.958044120837            
01 Jan 2024 12:36:22.992   4528.471015543146             3010.4647731105               -4263.996034841189            
01 Jan 2024 12:37:56.808   4438.391627526871             3604.280499858812             -3880.787669451464            
01 Jan 2024 12:39:30.591   4301.259238384239             4159.646010243472             -3456.433407371449            
01 Jan 2024 12:41:04.346   4118.545560079838             4670.723293642039             -2995.444261395565            
01 Jan 2024 12:42:38.076   3892.19995452714              5132.132158922132             -2502.719081143597            
01 Jan 2024 12:44:11.789   3624.617112669141             5539.031254877485             -1983.467000669981            
01 Jan 2024 12:45:45.491   3318.622050882271             5887.140324185877             -1443.17827210383             
01 Jan 2024 12:47:19.185   2977.455639428111             6172.780026663017             -887.5877262927878            
01 Jan 2024 12:48:52.871   2604.741737225362             6392.92839313672              -322.6076964871642            
01 Jan 2024 12:50:26.554   2204.413745819755             6545.273602083818             245.7879595442526             
01 Jan 2024 12:52:00.244   1780.680277958642             6628.214173015243             811.6070758486061             
01 Jan 2024 12:53:33.946   1338.001492656492             6640.866147849343             1368.872293722512             
01 Jan 2024 12:55:07.662   881.070631908397              6583.084148931843             1911.654044564264             
01 Jan 2024 12:56:41.396   414.7020554476687             6455.46554447344              2434.212284636144             
01 Jan 2024 12:58:15.154   -56.18631223825863            6259.337661190586             2931.01284311959              
01 Jan 2024 12:59:48.943   -526.6266949917078            5996.744308530674             3396.788485222554             
01 Jan 2024 13:01:22.765   -991.6500395452018            5670.42656801592              3826.590929686522             
01 Jan 2024 13:02:56.624   -1446.331196870921            5283.801838393228             4215.837820484792             
01 Jan 2024 13:04:30.518   -1885.831310681777            4840.944555325951             4560.356967302401             
01 Jan 2024 13:06:04.450   -2305.481514248619            4346.517396736076             4856.459324730128             
01 Jan 2024 13:07:38.416   -2700.804272189338            3805.751216486162             5100.95659255106              
01 Jan 2024 13:09:12.413   -3067.572013505865            3224.386156625344             5291.207447103165             
01 Jan 2024 13:10:46.426   -3401.824017137626            2608.675042745528             5425.140302110922             
01 Jan 2024 13:12:20.445   -3699.973095885737            1965.230850388531             5501.316376780694             
01 Jan 2024 13:13:54.447   -3958.806560377438            1301.039571072293             5518.936889076135             
01 Jan 2024 13:15:28.425   -4175.590462584099            623.2258526103885             5477.86541769085              
01 Jan 2024 13:17:02.380   -4348.071845459743            -61.0331637478543             5378.591125792954             
01 Jan 2024 13:18:36.321   -4474.466560355313            -744.5350740336422            5222.201026914745             
01 Jan 2024 13:20:10.243   -4553.457216766834            -1420.021269319123            5010.391576737039             
01 Jan 2024 13:21:44.147   -4584.232200600934            -2080.349603051398            4745.437904171112             
01 Jan 2024 13:23:18.041   -4566.48372494947             -2718.583777996102            4430.150190726049             
01 Jan 2024 13:24:51.928   -4500.403648541314            -3327.998636277571            4067.865869531036             
01 Jan 2024 13:26:25.816   -4386.680836486988            -3902.184502703063            3662.398221637602             
01 Jan 2024 13:27:59.702   -4226.511134507516            -4435.04119786526             3218.051341106516             
01 Jan 2024 13:29:33.580   -4021.595402134559            -4920.88793100156             2739.566956096126             
01 Jan 2024 13:31:07.456   -3774.090548220438            -5354.596978264433            2232.001743475827             
01 Jan 2024 13:32:41.337   -3486.582289707955            -5731.60016824852             1700.690132503072             
01 Jan 2024 13:34:15.232   -3162.072054694651            -6047.902524403592            1151.221427167103             
01 Jan 2024 13:35:49.125   -2804.044679462346            -6300.07172859914             589.528618107668              
01 Jan 2024 13:37:23.016   -2416.288456888651            -6485.432546270217            21.57459101185351             
01 Jan 2024 13:38:56.912   -2002.887861411668            -6602.02066453873             -546.6360428273717            
01 Jan 2024 13:40:30.802   -1568.270940485587            -6648.585452408467            -1108.999582095844            
01 Jan 2024 13:42:04.682   -1117.075245409513            -6624.649545687046            -1659.507897467791            
01 Jan 2024 13:43:38.556   -654.063097198113             -6530.487311603973            -2192.344324022295            
01 Jan 2024 13:45:12.435   -184.0937950675179            -6367.09405151693             -2701.904391567013            
01 Jan 2024 13:46:46.319   287.8535658816201             -6136.198590637762            -3182.773556247296            
01 Jan 2024 13:48:20.205   756.7582944266912             -5840.259824939222            -3629.823255580047            
01 Jan 2024 13:49:54.097   1217.671990861983             -5482.403415724852            -4038.32374953621             
01 Jan 2024 13:51:27.995   1665.713377525202             -5066.416084254536            -4403.935331688269            
01 Jan 2024 13:53:01.904   2096.150860925211             -4596.681106252709            -4722.781571480356            
01 Jan 2024 13:54:35.825   2504.420379364399             -4078.161393731169            -4991.463948465642            
01 Jan 2024 13:56:09.763   2886.210826190426             -3516.301826879092            -5207.123275548872            
01 Jan 2024 13:57:43.720   3237.46652231863              -2917.022878728338            -5367.440002152684            
01 Jan 2024 13:59:17.703   3554.452188843281             -2286.630294466944            -5470.673504590728            
01 Jan 2024 14:00:51.711   3833.77827459036              -1631.773340336799            -5515.674429719539            
01 Jan 2024 14:02:25.732   4072.401331157369             -959.4985399212103            -5501.910097853744            
01 Jan 2024 14:03:59.737   4267.710940936726             -277.1358570019564            -5429.520175326572            
01 Jan 2024 14:05:33.715   4417.623084331857             407.9750050609694             -5299.306355683974            
01 Jan 2024 14:07:07.663   4520.565107993522             1088.53209460644              -5112.691616983154            
01 Jan 2024 14:08:41.580   4575.469107230846             1757.301029730594             -4871.698100462142            
01 Jan 2024 14:10:15.463   4581.779148472553             2407.175645188665             -4578.927931039638            
01 Jan 2024 14:11:49.311   4539.457595516731             3031.262403880684             -4237.531892242338            
01 Jan 2024 14:13:23.124   4448.98504365313              3622.946204769813             -3851.1787118394              
01 Jan 2024 14:14:56.903   4311.349762534238             4175.983455528643             -3423.998640255017            
01 Jan 2024 14:16:30.654   4128.029868803521             4684.558931693517             -2960.53470389693             
01 Jan 2024 14:18:04.380   3900.977177286599             5143.32838377315              -2465.702619051819            
01 Jan 2024 14:19:38.090   3632.597762511328             5547.469308547908             -1944.742812819899            
01 Jan 2024 14:21:11.791   3325.715666053099             5892.741827557993             -1403.146777414782            
01 Jan 2024 14:22:45.486   2983.580826656905             6175.490826679708             -846.6656125067649            
01 Jan 2024 14:24:19.174   2609.823880197778             6392.722646115141             -281.2179412578375            
01 Jan 2024 14:25:52.861   2208.390708058797             6542.150915270079             287.2130821223054             
01 Jan 2024 14:27:26.553   1783.512628245169             6622.20062891587              852.6190906798131             
01 Jan 2024 14:29:00.256   1339.664637143773             6632.021108466308             1409.024794817856             
01 Jan 2024 14:30:33.972   881.5464009689415             6571.499169252055             1950.518080007379             
01 Jan 2024 14:32:07.705   413.989485299003              6441.263089198637             2471.367540320286             
01 Jan 2024 14:33:41.463   -58.08039187317411            6242.667777922252             2966.062858362507             
01 Jan 2024 14:35:15.250   -529.6834408717618            5977.783025457653             3429.359497392489             
01 Jan 2024 14:36:49.071   -995.8384893086501            5649.374020573318             3856.33545959198              
01 Jan 2024 14:38:22.930   -1451.608971685264            5260.879707929503             4242.438688795358             
01 Jan 2024 14:39:56.827   -1892.156462308237            4816.380870713015             4583.539053204941             
01 Jan 2024 14:41:30.760   -2312.787766116997            4320.567404953096             4875.971915653893             
01 Jan 2024 14:43:04.730   -2709.014827483482            3778.684177841089             5116.587653251899             
01 Jan 2024 14:44:38.729   -3076.593854333823            3196.49306663205              5302.782825343308             
01 Jan 2024 14:46:12.742   -3411.552977150034            2580.263781305088             5432.530453554704             
01 Jan 2024 14:47:46.762   -3710.310938032219            1936.590114137046             5504.442223219363             
01 Jan 2024 14:49:20.764   -3969.636912489166            1272.485080450931             5517.762880530271             
01 Jan 2024 14:50:54.744   -4186.801731514528            595.0460565164896             5472.402448599542             
01 Jan 2024 14:52:28.703   -4359.544536982078            -88.54941340748735            5368.892775642873             
01 Jan 2024 14:54:02.646   -4486.07448323585             -771.0928049526641            5208.366701631659             
01 Jan 2024 14:55:36.570   -4565.073268297126            -1445.334028571674            4992.566073888503             
01 Jan 2024 14:57:10.476   -4595.730265806085            -2104.149351399553            4723.807137689236             
01 Jan 2024 14:58:44.370   -4577.739823075154            -2740.603382235572            4404.94817214936              
01 Jan 2024 15:00:18.259   -4511.296787884276            -3348.010423274575            4039.355191909404             
01 Jan 2024 15:01:52.146   -4397.096238252953            -3919.966059316991            3630.88671509799              
01 Jan 2024 15:03:26.033   -4236.33502746651             -4450.414022112913            3183.864327276634             
01 Jan 2024 15:04:59.911   -4030.726204268766            -4933.680018368348            2703.074610632534             
01 Jan 2024 15:06:33.786   -3782.432055129263            -5364.672950283742            2193.591873785994             
01 Jan 2024 15:08:07.666   -3494.049733815296            -5738.850396205818            1660.77608794813              
01 Jan 2024 15:09:41.559   -3168.593199497425            -6052.247594643096            1110.236629844044             
01 Jan 2024 15:11:15.452   -2809.542160717935            -6301.476988997005            547.8929882880475             
01 Jan 2024 15:12:49.343   -2420.706755673877            -6483.884186191292            -20.26645381687452            
01 Jan 2024 15:14:23.238   -2006.183654531878            -6597.537404151687            -588.2343889781848            
01 Jan 2024 15:15:57.130   -1570.397343018364            -6641.219427171443            -1149.929906991336            
01 Jan 2024 15:17:31.011   -1118.011546264298            -6614.479755680309            -1699.333238289357            
01 Jan 2024 15:19:04.887   -653.7986456626073            -6517.622610159703            -2230.642708742089            
01 Jan 2024 15:20:38.765   -182.6432081380357            -6351.676769714605            -2738.256603139816            
01 Jan 2024 15:22:12.650   290.4811318462765             -6118.393121408119            -3216.80106206065             
01 Jan 2024 15:23:46.536   760.5331664853928             -5820.259146722726            -3661.163878178032            
01 Jan 2024 15:25:20.428   1222.554323668021             -5460.423009176161            -4066.645862154676            
01 Jan 2024 15:26:54.328   1671.658108890097             -5042.686033146552            -4428.944481525201            
01 Jan 2024 15:28:28.237   2103.087996591458             -4571.463117158691            -4744.207495480235            
01 Jan 2024 15:30:02.159   2512.287492892089             -4051.712298654689            -5009.087230662714            
01 Jan 2024 15:31:36.095   2894.905203190129             -3488.933178993204            -5220.746335155626            
01 Jan 2024 15:33:10.047   3246.888952606058             -2889.047871174328            -5376.919099260228            
01 Jan 2024 15:34:44.023   3564.507115556547             -2258.353296657102            -5475.915725771757            
01 Jan 2024 15:36:18.027   3844.370288474024             -1603.485179046279            -5516.632479470824            
01 Jan 2024 15:37:52.048   4083.432594613786             -931.4699511551756            -5498.577725990564            
01 Jan 2024 15:39:26.053   4279.064565029978             -249.6639820091053            -5421.934062580975            
01 Jan 2024 15:41:00.030   4429.177042916289             434.5932970655728             -5287.549621236387            
01 Jan 2024 15:42:33.975   4532.194254106636             1113.995316290564             -5096.897069030054            
01 Jan 2024 15:44:07.885   4587.051056224707             1781.318268014723             -4852.046694017312            
01 Jan 2024 15:45:41.762   4593.195759074259             2429.498444651324             -4555.633513680557            
01 Jan 2024 15:47:15.607   4550.59031726279              3051.669408357041             -4210.839928106882            
01 Jan 2024 15:48:49.418   4459.714133458692             3641.239597325095             -3821.363860154769            
01 Jan 2024 15:50:23.196   4321.559810341652             4191.97030861682              -3391.376681134596            
01 Jan 2024 15:51:56.944   4137.61434574116              4698.061474130238             -2925.459365862501            
01 Jan 2024 15:53:30.668   3909.837288983088             5154.199002018946             -2428.5528806001              
01 Jan 2024 15:55:04.374   3640.640761767182             5555.594151917592             -1905.914604869185            
01 Jan 2024 15:56:38.070   3332.865076111015             5898.02907792208              -1363.066372319409            
01 Jan 2024 15:58:11.764   2989.748316457523             6177.899976852031             -805.7361243197219            
01 Jan 2024 15:59:45.453   2614.937787692926             6392.231033247734             -239.8652253155156            
01 Jan 2024 16:01:19.143   2212.386999488663             6538.764196928661             328.5619285839706             
01 Jan 2024 16:02:52.839   1786.345648380028             6615.950039675324             893.5264125593037             
01 Jan 2024 16:04:26.546   1341.301022813788             6622.967606123239             1449.057182306618             
01 Jan 2024 16:06:00.265   881.9712789891897             6559.734117547454             1989.244346520181             
01 Jan 2024 16:07:34.002   413.1954576296629             6426.906458952489             2508.376694197845             
01 Jan 2024 16:09:07.763   -60.08875222254904            6225.865844392386             3000.962408911588             
01 Jan 2024 16:10:41.554   -532.8828745864481            5958.710565211366             3461.772958611331             
01 Jan 2024 16:12:15.377   -1000.188451196622            5628.234808156763             3885.90887464975              
01 Jan 2024 16:13:49.237   -1457.064156865611            5237.895918141705             4268.855482465909             
01 Jan 2024 16:15:23.136   -1898.658820916274            4791.795501817619             4606.515230264514             
01 Jan 2024 16:16:57.072   -2320.274483869907            4294.632998886837             4895.264282991082             
01 Jan 2024 16:18:31.045   -2717.410023865323            3751.668239325442             5131.989207952719             
01 Jan 2024 16:20:05.043   -3085.790159611701            3168.709203569247             5314.117374216264             
01 Jan 2024 16:21:39.057   -3421.45914802316             2551.999138426964             5439.68012648388              
01 Jan 2024 16:23:13.078   -3720.823600590043            1908.142736519034             5507.331188991065             
01 Jan 2024 16:24:47.079   -3980.641141194844            1244.167420286329             5516.361591080393             
01 Jan 2024 16:26:21.057   -4198.179332550237            567.1696760903445             5466.730006635652             
01 Jan 2024 16:27:55.014   -4371.179253384673            -115.6944837413737            5359.013000534128             
01 Jan 2024 16:29:28.957   -4497.846739546218            -797.2277271922014            5194.385506635598             
01 Jan 2024 16:31:02.882   -4576.860304651008            -1470.191128370992            4974.630720992814             
01 Jan 2024 16:32:36.790   -4607.4072528291              -2127.470250148245            4702.106394501076             
01 Jan 2024 16:34:10.688   -4589.181477923066            -2762.153941026252            4379.70475021187              
01 Jan 2024 16:35:44.578   -4522.380822200274            -3367.550301778799            4010.841505604272             
01 Jan 2024 16:37:18.465   -4407.707035246202            -3937.276690822226            3599.413127152198             
01 Jan 2024 16:38:52.354   -4246.357853873556            -4465.321980728129            3149.757385319384             
01 Jan 2024 16:40:26.236   -4040.051027607675            -4946.033698150782            2666.689004927524             
01 Jan 2024 16:42:00.113   -3790.961391932536            -5374.33517010596             2155.318737766722             
01 Jan 2024 16:43:33.994   -3501.696186435715            -5745.713952719218            1621.027925723476             
01 Jan 2024 16:45:07.888   -3175.276691303937            -6056.239787875196            1069.436940285041             
01 Jan 2024 16:46:41.781   -2815.195002683393            -6302.555574315194            506.4795354547884             
01 Jan 2024 16:47:28.000   -2626.732810565886            -6399.394812203141            227.012795175352              
