Starlink_orbit2_19.UTCGregorian   Starlink_orbit2_19.EarthMJ2000Eq.X   Starlink_orbit2_19.EarthMJ2000Eq.Y   Starlink_orbit2_19.EarthMJ2000Eq.Z   
01 Jan 2024 11:59:28.000          3460.500000000005                    2049.987276596812                    -5632.293752619017                   
01 Jan 2024 12:00:28.000          3058.985723476354                    2123.378511431771                    -5833.900819698459                   
01 Jan 2024 12:01:57.255          2437.833424328598                    2215.530453177188                    -6086.90826641371                    
01 Jan 2024 12:03:30.632          1763.220178090126                    2289.321146384812                    -6289.292162035849                   
01 Jan 2024 12:05:04.463          1066.823904835471                    2339.422078348829                    -6426.41177499213                    
01 Jan 2024 12:06:38.337          358.8691643787035                    2364.906434585612                    -6495.723043615048                   
01 Jan 2024 12:08:12.213          -352.8777669276334                   2365.484761873317                    -6496.436075024079                   
01 Jan 2024 12:09:46.094          -1060.94430546679                    2341.154616753235                    -6428.553059035106                   
01 Jan 2024 12:11:19.980          -1757.882755013461                   2292.171866231188                    -6292.789590533645                   
01 Jan 2024 12:12:53.869          -2436.332414146547                   2219.052475560502                    -6090.579500519324                   
01 Jan 2024 12:14:27.759          -3089.132802860693                   2122.566885787053                    -5824.059168101524                   
01 Jan 2024 12:16:01.655          -3709.444722917799                   2003.721215020544                    -5496.015490046977                   
01 Jan 2024 12:17:35.562          -4290.744815394441                   1863.754411009832                    -5109.877891807413                   
01 Jan 2024 12:19:09.483          -4826.912242066614                   1704.123530240554                    -4669.677481899266                   
01 Jan 2024 12:20:43.421          -5312.277040651313                   1526.494043720862                    -4180.020053469777                   
01 Jan 2024 12:22:17.380          -5741.698497461765                   1332.718195654729                    -3646.026114976336                   
01 Jan 2024 12:23:51.365          -6110.612832325156                   1124.817063848184                    -3073.281122747434                   
01 Jan 2024 12:25:25.373          -6415.056466136787                   904.9791236286673                    -2467.831137594667                   
01 Jan 2024 12:26:59.394          -6651.73067369664                    675.5472086306136                    -1836.146436226852                   
01 Jan 2024 12:28:33.401          -6818.068990181126                   439.0076239999049                    -1185.09099016458                    
01 Jan 2024 12:30:07.382          -6912.337553845432                   197.8967364585567                    -521.6648297958669                   
01 Jan 2024 12:31:41.333          -6933.609844684186                   -45.22725467906755                   147.0739768380172                    
01 Jan 2024 12:33:15.253          -6881.744782143357                   -287.7950357341256                   814.0391656894816                    
01 Jan 2024 12:34:49.140          -6757.384434441127                   -527.2436281915262                   1472.164674455847                    
01 Jan 2024 12:36:22.992          -6561.942825748955                   -761.0535213631931                   2114.507132359802                    
01 Jan 2024 12:37:56.808          -6297.58115246878                    -986.7754270052774                   2734.319739903761                    
01 Jan 2024 12:39:30.591          -5967.178714177118                   -1202.053393608109                   3325.116096786008                    
01 Jan 2024 12:41:04.346          -5574.27935565462                    -1404.656642378427                   3880.757894231277                    
01 Jan 2024 12:42:38.076          -5123.067482900364                   -1592.487197476571                   4395.476119988481                    
01 Jan 2024 12:44:11.789          -4618.297557696272                   -1763.610529833575                   4863.955343714068                    
01 Jan 2024 12:45:45.491          -4065.2642629832                     -1916.262912287871                   5281.354088159613                    
01 Jan 2024 12:47:19.185          -3469.771427033505                   -2048.865027339858                   5643.342380919865                    
01 Jan 2024 12:48:52.871          -2838.070293836337                   -2160.043159125297                   5946.160010568634                    
01 Jan 2024 12:50:26.554          -2176.736390387692                   -2248.652511871689                   6186.680299945616                    
01 Jan 2024 12:52:00.244          -1492.62020419062                    -2313.778397158037                   6362.413301674816                    
01 Jan 2024 12:53:33.946          -792.8143898804079                   -2354.739580151002                   6471.514994963715                    
01 Jan 2024 12:55:07.662          -84.62718355432348                   -2371.096844037041                   6512.810857736082                    
01 Jan 2024 12:56:41.396          624.5877053346466                    -2362.663677240745                   6485.824494736957                    
01 Jan 2024 12:58:15.154          1327.449299690929                    -2329.503651750698                   6390.770381749173                    
01 Jan 2024 12:59:48.943          2016.625083002681                    -2271.931118671774                   6228.555403079051                    
01 Jan 2024 13:01:22.765          2684.898625607586                    -2190.509899179734                   6000.774870900936                    
01 Jan 2024 13:02:56.624          3325.232994754346                    -2086.05145405019                    5709.707087834435                    
01 Jan 2024 13:04:30.518          3930.831791051854                    -1959.613691095513                   5358.309632117151                    
01 Jan 2024 13:06:04.450          4495.257384772472                    -1812.485072107497                   4950.174808734516                    
01 Jan 2024 13:07:38.416          5012.462284253325                    -1646.181370296792                   4489.520352687742                    
01 Jan 2024 13:09:12.413          5476.873250249959                    -1462.430985081288                   3981.148294310122                    
01 Jan 2024 13:10:46.426          5883.423114965269                    -1263.17935607617                    3430.456635433025                    
01 Jan 2024 13:12:20.445          6227.694601829102                    -1050.54287306698                    2843.311337760626                    
01 Jan 2024 13:13:54.447          6505.930322944331                    -826.8143880161366                   2226.06104783685                     
01 Jan 2024 13:15:28.425          6715.157205641493                    -594.385463160156                    1585.322002008726                    
01 Jan 2024 13:17:02.380          6853.178468990081                    -355.7141469285624                   927.8890053707293                    
01 Jan 2024 13:18:36.321          6918.553311313713                    -113.3128689855655                   260.701850339914                     
01 Jan 2024 13:20:10.243          6910.602699503818                    130.241554365658                     -409.1276204907855                   
01 Jan 2024 13:21:44.147          6829.438551050663                    372.3700191576528                    -1074.486945801229                   
01 Jan 2024 13:23:18.041          6675.942998694234                    610.5259617405189                    -1728.359102493067                   
01 Jan 2024 13:24:51.928          6451.759170585803                    842.1990898718865                    -2363.833099282675                   
01 Jan 2024 13:26:25.816          6159.263653990829                    1064.95545128962                     -2974.214358883075                   
01 Jan 2024 13:27:59.702          5801.579577902469                    1276.43514037328                     -3553.018889653558                   
01 Jan 2024 13:29:33.580          5382.547423746218                    1474.39355942087                     -4094.086918060219                   
01 Jan 2024 13:31:07.456          4906.616783298883                    1656.755112119222                    -4591.730037915248                   
01 Jan 2024 13:32:41.337          4378.797736187429                    1821.617401953716                    -5040.742651470632                   
01 Jan 2024 13:34:15.232          3804.633814715121                    1967.256452100215                    -5436.416377697839                   
01 Jan 2024 13:35:49.125          3190.308118537648                    2092.115556081923                    -5774.510592585698                   
01 Jan 2024 13:37:23.016          2542.319666141485                    2194.891579604432                    -6051.487294294858                   
01 Jan 2024 13:38:56.912          1867.480885568137                    2274.516976507113                    -6264.461782065462                   
01 Jan 2024 13:40:30.802          1172.992913424168                    2330.155175725632                    -6411.190838071851                   
01 Jan 2024 13:42:04.682          466.2247001654875                    2361.233221811277                    -6490.160704815343                   
01 Jan 2024 13:43:38.556          -245.4132503241856                   2367.440421062915                    -6500.582289792475                   
01 Jan 2024 13:45:12.435          -954.5030760898439                   2348.71893945857                     -6442.36502430886                    
01 Jan 2024 13:46:46.319          -1653.582354556031                   2305.266353995175                    -6316.124275918733                   
01 Jan 2024 13:48:20.205          -2335.263266263898                   2237.541614744417                    -6123.196646950146                   
01 Jan 2024 13:49:54.097          -2992.396943687073                   2146.252420385404                    -5865.603611137166                   
01 Jan 2024 13:51:27.995          -3618.06218307892                    2032.353565862277                    -5546.04697342768                    
01 Jan 2024 13:53:01.904          -4205.682026674737                   1897.0314870972                      -5167.865068922348                   
01 Jan 2024 13:54:35.825          -4749.048571273278                   1741.700658532249                    -4735.022421871658                   
01 Jan 2024 13:56:09.763          -5242.439606285208                   1567.976054641367                    -4252.032583902811                   
01 Jan 2024 13:57:43.720          -5680.622883906593                   1377.671772727627                    -3723.954031764281                   
01 Jan 2024 13:59:17.703          -6058.943150858199                   1172.773912715743                    -3156.314363585805                   
01 Jan 2024 14:00:51.711          -6373.356204446569                   955.4275687524645                    -2555.073819924248                   
01 Jan 2024 14:02:25.732          -6620.441699445701                   727.956622702928                     -1926.679240726558                   
01 Jan 2024 14:03:59.737          -6797.519544465773                   492.8290258562781                    -1277.966919167862                   
01 Jan 2024 14:05:33.715          -6902.745092273681                   252.5632455100051                    -615.9037730194674                   
01 Jan 2024 14:07:07.663          -6935.076011807071                   9.708593326313842                    52.46686597090219                    
01 Jan 2024 14:08:41.580          -6894.25469265591                    -233.167137515555                    720.0595034881886                    
01 Jan 2024 14:10:15.463          -6780.805490662549                   -473.5000731278338                   1379.808495820012                    
01 Jan 2024 14:11:49.311          -6596.025156128136                   -708.7613023331689                   2024.753744985849                    
01 Jan 2024 14:13:23.124          -6341.966120651451                   -936.4812641715922                   2648.107986001526                    
01 Jan 2024 14:14:56.903          -6021.397863316052                   -1154.284800654154                   3243.353126923851                    
01 Jan 2024 14:16:30.654          -5637.763857541318                   -1359.913025907293                   3804.300237972084                    
01 Jan 2024 14:18:04.380          -5195.144353870918                   -1551.239334475265                   4325.133457234662                    
01 Jan 2024 14:19:38.090          -4698.213342315802                   -1726.288365998492                   4800.461928788676                    
01 Jan 2024 14:21:11.791          -4152.16842492334                    -1883.260019253877                   5225.385259830407                    
01 Jan 2024 14:22:45.486          -3562.742552437987                   -2020.527350941711                   5595.488140247343                    
01 Jan 2024 14:24:19.174          -2936.120060769692                   -2136.667070942942                   5906.923411962048                    
01 Jan 2024 14:25:52.861          -2278.828481590394                   -2230.48071535331                    6156.469128847745                    
01 Jan 2024 14:27:26.553          -1597.695568847932                   -2300.997283141081                   6341.535416369413                    
01 Jan 2024 14:29:00.256          -899.7871500657898                   -2347.480742276316                   6460.1844536992                      
01 Jan 2024 14:30:33.972          -192.3815067822891                   -2369.43595966145                    6511.146577620648                    
01 Jan 2024 14:32:07.705          517.169792880949                     -2366.618986632935                   6493.84682800632                     
01 Jan 2024 14:33:41.463          1221.491420079672                    -2339.035751495705                   6408.400735632263                    
01 Jan 2024 14:35:15.250          1913.238650064362                    -2286.942728098795                   6255.615454219095                    
01 Jan 2024 14:36:49.071          2585.171158330234                    -2210.846516234535                   6036.987598737136                    
01 Jan 2024 14:38:22.930          3230.217363313358                    -2111.502404860677                   5754.69837124462                     
01 Jan 2024 14:39:56.827          3841.55046458072                     -1989.910151386212                   5411.600820937743                    
01 Jan 2024 14:41:30.760          4412.656087561472                    -1847.308945485279                   5011.204927705485                    
01 Jan 2024 14:43:04.730          4937.418045182954                    -1685.165622464992                   4557.643806342309                    
01 Jan 2024 14:44:38.729          5410.176076319348                    -1505.166597020925                   4055.650488111344                    
01 Jan 2024 14:46:12.742          5825.772093374934                    -1309.218985808781                   3510.560103631355                    
01 Jan 2024 14:47:46.762          6179.7090946847                      -1099.395345234764                   2928.155256673124                    
01 Jan 2024 14:49:20.764          6468.111085593496                    -877.9657977453729                   2314.754636888119                    
01 Jan 2024 14:50:54.744          6687.90653973394                     -647.2885628624184                   1676.908792326417                    
01 Jan 2024 14:52:28.703          6836.780633340866                    -409.8045702965174                   1021.38558604406                     
01 Jan 2024 14:54:02.646          6913.173408974376                    -168.0183648752829                   355.1172788110455                    
01 Jan 2024 14:55:36.570          6916.288674022973                    75.49894403840179                    -314.7919109987333                   
01 Jan 2024 14:57:10.476          6846.120641274032                    318.1702138308299                    -981.2331502777665                   
01 Jan 2024 14:58:44.370          6703.438558174749                    557.4371663638726                    -1637.161669573987                   
01 Jan 2024 15:00:18.259          6489.767202454693                    790.7851258986881                    -2275.664920735268                   
01 Jan 2024 15:01:52.146          6207.378075333917                    1015.755991730543                    -2889.998524361225                   
01 Jan 2024 15:03:26.033          5859.27612703049                     1229.973844010563                    -3473.656887694506                   
01 Jan 2024 15:04:59.911          5449.212019028724                    1431.156495472504                    -4020.405568820457                   
01 Jan 2024 15:06:33.786          4981.536149182335                    1617.197300200375                    -4524.504312888799                   
01 Jan 2024 15:08:07.666          4461.17798042778                     1786.153236870411                    -4980.674234353261                   
01 Jan 2024 15:09:41.559          3893.608737661687                    1936.256661459706                    -5384.129820908514                   
01 Jan 2024 15:11:15.452          3284.915517314053                    2065.908907505766                    -5730.562859673149                   
01 Jan 2024 15:12:49.343          2641.558995347547                    2173.750814649533                    -6016.332675686379                   
01 Jan 2024 15:14:23.238          1970.306044004561                    2258.661795527492                    -6238.462606365086                   
01 Jan 2024 15:15:57.130          1278.296877588634                    2319.751157502465                    -6394.617451074114                   
01 Jan 2024 15:17:31.011          572.8986205571885                    2356.385356687304                    -6483.176120219751                   
01 Jan 2024 15:19:04.887          -138.4945978597968                   2368.196034806534                    -6503.2503827947                     
01 Jan 2024 15:20:38.765          -848.4472042747147                   2355.067891951496                    -6454.651783657292                   
01 Jan 2024 15:22:12.650          -1549.514380311296                   2317.140009390458                    -6337.89475547911                    
01 Jan 2024 15:23:46.536          -2234.274896900182                   2254.813694805006                    -6154.217648491663                   
01 Jan 2024 15:25:20.428          -2895.550402068816                   2168.740363181609                    -5905.545459259857                   
01 Jan 2024 15:26:54.328          -3526.38537293919                    2059.818534431146                    -5594.481824095721                   
01 Jan 2024 15:28:28.237          -4120.129775078362                   1929.186126082979                    -5224.286211211296                   
01 Jan 2024 15:30:02.159          -4670.536411615674                   1778.2025698188                      -4798.822786952671                   
01 Jan 2024 15:31:36.095          -5171.769404436021                   1608.449726379562                    -4322.562572248896                   
01 Jan 2024 15:33:10.047          -5618.532462272164                   1421.698119690918                    -3800.487948256989                   
01 Jan 2024 15:34:44.023          -6006.09604070818                    1219.891892543495                    -3238.050468543694                   
01 Jan 2024 15:36:18.027          -6330.327233619119                   1005.13782612833                     -2641.139778680428                   
01 Jan 2024 15:37:52.048          -6587.702856177353                   779.724663852526                     -2016.136200542737                   
01 Jan 2024 15:39:26.053          -6775.414385664427                   546.10766350029                      -1369.86588453753                    
01 Jan 2024 15:41:00.030          -6891.502132436141                   306.7916733603728                    -709.2761566314334                   
01 Jan 2024 15:42:33.975          -6934.809828820334                   64.32163486350875                    -41.40979087733611                   
01 Jan 2024 15:44:07.885          -6904.970076619757                   -178.737038167519                    626.649133343936                     
01 Jan 2024 15:45:41.762          -6802.392720296632                   -419.8275899504796                   1287.855577114954                    
01 Jan 2024 15:47:15.607          -6628.255194921371                   -656.4160987272762                   1935.242774793383                    
01 Jan 2024 15:48:49.418          -6384.490892219871                   -886.0199992859712                   2562.000882418962                    
01 Jan 2024 15:50:23.196          -6073.764615175371                   -1106.237186210011                   3161.556950708397                    
01 Jan 2024 15:51:56.944          -5699.424100968301                   -1314.77914613241                    3727.665473773064                    
01 Jan 2024 15:53:30.668          -5265.453984816603                   -1509.489673700157                   4254.45928984177                     
01 Jan 2024 15:55:04.374          -4776.434934463671                   -1688.360057976915                   4736.490843124046                    
01 Jan 2024 15:56:38.070          -4237.496045920924                   -1849.546768851285                   5168.780153906473                    
01 Jan 2024 15:58:11.764          -3654.259670972605                   -1991.388748989103                   5546.861512829618                    
01 Jan 2024 15:59:45.453          -3032.858126573216                   -2112.409198917018                   5866.788987409692                    
01 Jan 2024 16:01:19.143          -2379.760461954927                   -2211.358279680946                   6125.250503416026                    
01 Jan 2024 16:02:52.839          -1701.76274175129                    -2287.209082832273                   6319.55671335052                     
01 Jan 2024 16:04:26.546          -1005.898788049343                   -2339.17015426253                    6447.673708069899                    
01 Jan 2024 16:06:00.265          -299.4345116373307                   -2366.689022844868                   6508.232722791538                    
01 Jan 2024 16:07:34.002          410.2970853610939                    -2369.464734651178                   6500.561179157758                    
01 Jan 2024 16:09:07.763          1115.921166605217                    -2347.445052054554                   6424.674466100836                    
01 Jan 2024 16:10:41.554          1810.072566514647                    -2300.82899446042                    6281.281834105035                    
01 Jan 2024 16:12:15.377          2485.481771920198                    -2230.067315055698                   6071.785824412153                    
01 Jan 2024 16:13:49.237          3135.054637128089                    -2135.858727193674                   5798.270088775276                    
01 Jan 2024 16:15:23.136          3751.918418077738                    -2019.148898596707                   5463.495522297247                    
01 Jan 2024 16:16:57.072          4329.51203034931                     -1881.122699823765                   5070.87682088297                     
01 Jan 2024 16:18:31.045          4861.649306576665                    -1723.197589175056                   4624.462711268477                    
01 Jan 2024 16:20:05.043          5342.565207065256                    -1547.024558111277                   4128.937323931791                    
01 Jan 2024 16:21:39.057          5767.048220255023                    -1354.458434535798                   3589.53527322396                     
01 Jan 2024 16:23:13.078          6130.500742206887                    -1147.536506768306                   3011.981180546166                    
01 Jan 2024 16:24:47.079          6428.937253876394                    -928.500986488154                    2402.551189602408                    
01 Jan 2024 16:26:21.057          6659.181369929353                    -699.6849011521972                   1767.754167292592                    
01 Jan 2024 16:27:55.014          6818.812846404307                    -463.5039112971868                   1114.309985636334                    
01 Jan 2024 16:29:28.957          6906.155369938409                    -222.4475783764687                   449.1253790603271                    
01 Jan 2024 16:31:02.882          6920.292147668054                    20.92085563038027                    -220.7074275107884                   
01 Jan 2024 16:32:36.790          6861.097078936212                    264.0240554503481                    -888.0757884012305                   
01 Jan 2024 16:34:10.688          6729.218610227084                    504.3019261146894                    -1545.93287588676                    
01 Jan 2024 16:35:44.578          6526.071655134838                    739.2193247743454                    -2187.31911654713                    
01 Jan 2024 16:37:18.465          6253.820255746139                    966.3010243363217                    -2805.458367267543                   
01 Jan 2024 16:38:52.354          5915.351446806397                    1183.156840397677                    -3393.826804720317                   
01 Jan 2024 16:40:26.236          5514.310704387066                    1387.474453587358                    -3946.134430859977                   
01 Jan 2024 16:42:00.113          5054.963651737863                    1577.108174195389                    -4456.566280285962                   
01 Jan 2024 16:43:33.994          4542.155094079777                    1750.077016323709                    -4919.776436793594                   
01 Jan 2024 16:45:07.888          3981.273691048461                    1904.572732747534                    -5330.909564823964                   
01 Jan 2024 16:46:41.781          3378.339306414377                    2038.948649826825                    -5685.572661823839                   
01 Jan 2024 16:47:28.000          3068.035094401247                    2097.267347067961                    -5838.254538474517                   
