Starlink_69.UTCGregorian   Starlink_69.EarthMJ2000Eq.X   Starlink_69.EarthMJ2000Eq.Y   Starlink_69.EarthMJ2000Eq.Z   
01 Jan 2024 11:59:28.000   3563.023714050895             2868.327199336182             5194.015988679584             
01 Jan 2024 12:00:28.000   3185.581448995721             3096.38432029461              5307.063080497695             
01 Jan 2024 12:01:57.255   2599.175606573449             3410.636242685576             5432.619863742904             
01 Jan 2024 12:03:30.632   1959.232306748008             3704.520076811068             5508.318555256784             
01 Jan 2024 12:05:04.463   1295.58582475199              3960.861110444953             5526.285963773435             
01 Jan 2024 12:06:38.337   617.9635117971241             4175.535410726384             5485.800077705213             
01 Jan 2024 12:08:12.213   -66.19211172879156            4346.154685028549             5387.268820231139             
01 Jan 2024 12:09:46.094   -749.6836954464239            4470.91947007114              5231.726083494963             
01 Jan 2024 12:11:19.980   -1425.304761186104            4548.504267108801             5020.803973922721             
01 Jan 2024 12:12:53.869   -2085.90025144588             4578.076419377451             4756.728710184721             
01 Jan 2024 12:14:27.759   -2724.477255095888            4559.313603495018             4442.291889957171             
01 Jan 2024 12:16:01.655   -3334.324834288154            4492.399150747008             4080.789876412304             
01 Jan 2024 12:17:35.562   -3909.010372365985            4378.015787583237             3676.017454348838             
01 Jan 2024 12:19:09.483   -4442.465706155155            4217.339627031133             3232.220862951076             
01 Jan 2024 12:20:43.421   -4929.035628435111            4012.033882220171             2754.067604945112             
01 Jan 2024 12:22:17.380   -5363.556323069693            3764.227959935999             2246.584332129608             
01 Jan 2024 12:23:51.365   -5741.403573545973            3476.495801963332             1715.107549489711             
01 Jan 2024 12:25:25.373   -6058.515372160895            3151.858161019876             1165.275849515998             
01 Jan 2024 12:26:59.394   -6311.455377456869            2793.77376121204              602.9896119501155             
01 Jan 2024 12:28:33.401   -6497.47859005535             2406.13504290084              34.37537193717442             
01 Jan 2024 12:30:07.382   -6614.637647957032            1993.122795150754             -534.4444704320806            
01 Jan 2024 12:31:41.333   -6661.761042179471            1559.148795222932             -1097.413652520003            
01 Jan 2024 12:33:15.253   -6638.432687298349            1108.83103715969              -1648.563990556095            
01 Jan 2024 12:34:49.140   -6544.991220110102            646.9616112081544             -2182.055494704766            
01 Jan 2024 12:36:22.992   -6382.523054872144            178.437047174741              -2692.260452657411            
01 Jan 2024 12:37:56.808   -6152.841415957685            -291.7957454685609            -3173.821627947085            
01 Jan 2024 12:39:30.591   -5858.461045041696            -758.7879490380628            -3621.701487311649            
01 Jan 2024 12:41:04.346   -5502.55047157204             -1217.658879099951            -4031.24804390277             
01 Jan 2024 12:42:38.076   -5088.910222680173            -1663.615382042344            -4398.209360137944            
01 Jan 2024 12:44:11.789   -4621.908853984113            -2092.023916856093            -4718.794437974684            
01 Jan 2024 12:45:45.491   -4106.455566322701            -2498.431098613806            -4989.686525970785            
01 Jan 2024 12:47:19.185   -3547.972231580669            -2878.596000405997            -5208.070801079989            
01 Jan 2024 12:48:52.871   -2952.336594968057            -3228.54356831897             -5371.675153799043            
01 Jan 2024 12:50:26.554   -2325.766416436935            -3544.636507143527            -5478.806898322522            
01 Jan 2024 12:52:00.244   -1674.771960298084            -3823.589849951256            -5528.349243182586            
01 Jan 2024 12:53:33.946   -1006.124333536505            -4062.485600578362            -5519.76508892223             
01 Jan 2024 12:55:07.662   -326.8300536205685            -4258.795373183496            -5453.113636184492            
01 Jan 2024 12:56:41.396   356.0324587388233             -4410.44060934552             -5329.050507569381            
01 Jan 2024 12:58:15.154   1035.331933187334             -4515.792818381255            -5148.819242750279            
01 Jan 2024 12:59:48.943   1703.958418048335             -4573.693183172347            -4914.24164735859             
01 Jan 2024 13:01:22.765   2354.889930017186             -4583.466397725397            -4627.704359997982            
01 Jan 2024 13:02:56.624   2981.255069726612             -4544.932300964674            -4292.144490330675            
01 Jan 2024 13:04:30.518   3576.393156557735             -4458.417820392896            -3911.036753295197            
01 Jan 2024 13:06:04.450   4133.970614964665             -4324.755461477298            -3488.337966803798            
01 Jan 2024 13:07:38.416   4648.01221019165              -4145.284010355505            -3028.47336628994             
01 Jan 2024 13:09:12.413   5112.983764533054             -3921.840707572643            -2536.2886243966              
01 Jan 2024 13:10:46.426   5523.822236212352             -3656.775542899884            -2017.05360005051             
01 Jan 2024 13:12:20.445   5876.078098622233             -3352.900384400371            -1476.333216697265            
01 Jan 2024 13:13:54.447   6165.923447721986             -3013.500068562535            -919.9972456094928            
01 Jan 2024 13:15:28.425   6390.278095312737             -2642.219839304048            -354.02169335329              
01 Jan 2024 13:17:02.380   6546.803520496005             -2243.004306379041            215.5848581081263             
01 Jan 2024 13:18:36.321   6633.882912095152             -1820.070188894343            782.8063838632901             
01 Jan 2024 13:20:10.243   6650.624120409014             -1377.925439098087            1341.597268595433             
01 Jan 2024 13:21:44.147   6596.892446343221             -921.2637940288314            1886.029164382677             
01 Jan 2024 13:23:18.041   6473.293004718017             -454.8972708763338            2410.367344406089             
01 Jan 2024 13:24:51.928   6281.161404531053             16.25216631316033             2909.07712506443              
01 Jan 2024 13:26:25.816   6022.540899364395             487.230702595076              3376.910996263756             
01 Jan 2024 13:27:59.702   5700.194761808199             953.0445802903697             3808.904551778599             
01 Jan 2024 13:29:33.580   5317.582860007789             1408.740578056677             4200.466312904916             
01 Jan 2024 13:31:07.456   4878.763957794459             1849.527482895134             4547.484369801942             
01 Jan 2024 13:32:41.337   4388.350621089437             2270.794319184381             4846.328547596137             
01 Jan 2024 13:34:15.232   3851.485141645636             2668.125607498853             5093.858538350209             
01 Jan 2024 13:35:49.125   3273.941771398216             3037.256227002837             5287.41503300477              
01 Jan 2024 13:37:23.016   2661.825875069787             3374.303094896928             5424.969855891257             
01 Jan 2024 13:38:56.912   2021.570844591474             3675.733639577665             5505.08534311525              
01 Jan 2024 13:40:30.802   1360.010793852167             3938.340572551995             5526.916560294474             
01 Jan 2024 13:42:04.682   684.1720803352094             4159.353354696676             5490.25405395695              
01 Jan 2024 13:43:38.556   1.151873319636316             4336.46621909589              5395.502695107145             
01 Jan 2024 13:45:12.435   -681.9160556271806            4467.830192622447             5243.655886524068             
01 Jan 2024 13:46:46.319   -1357.826113911794            4552.050071545358             5036.308007323964             
01 Jan 2024 13:48:20.205   -2019.415841401703            4588.223904849708             4775.65043770352              
01 Jan 2024 13:49:54.097   -2659.726315118698            4575.959144381105             4464.417433903749             
01 Jan 2024 13:51:27.995   -3271.992804027279            4515.367493393823             4105.88385871013              
01 Jan 2024 13:53:01.904   -3849.75958878844             4407.064285071549             3703.811148111524             
01 Jan 2024 13:54:35.825   -4386.905307348095            4252.167691662644             3262.434392073741             
01 Jan 2024 13:56:09.763   -4877.758637013932            4052.275721164165             2786.379945364273             
01 Jan 2024 13:57:43.720   -5317.103194441442            3809.464252398975             2280.660449986696             
01 Jan 2024 13:59:17.703   -5700.264154082855            3526.25756856355              1750.597783866042             
01 Jan 2024 14:00:51.711   -6023.142309697124            3205.612052151791             1201.786692275128             
01 Jan 2024 14:02:25.732   -6282.224353193233            2850.954360580361             640.1372673139268             
01 Jan 2024 14:03:59.737   -6474.697722798942            2466.144967556401             71.77603314309658             
01 Jan 2024 14:05:33.715   -6598.55046951372             2055.330249450199             -497.1848835495584            
01 Jan 2024 14:07:07.663   -6652.540684930479            1622.898724884971             -1060.688469095514            
01 Jan 2024 14:08:41.580   -6636.18019811123             1173.454306040837             -1612.758942736363            
01 Jan 2024 14:10:15.463   -6549.733583335934            711.7749617614768             -2147.553127374189            
01 Jan 2024 14:11:49.311   -6394.211572545211            242.7542693218538             -2659.430525971349            
01 Jan 2024 14:13:23.124   -6171.357155748635            -228.6465380786296            -3143.006926175274            
01 Jan 2024 14:14:56.903   -5883.61180540949             -697.4708712555926            -3593.229082548131            
01 Jan 2024 14:16:30.654   -5534.076400244729            -1158.816217063608            -4005.418435893735            
01 Jan 2024 14:18:04.380   -5126.477369704716            -1607.871645674014            -4375.302379271816            
01 Jan 2024 14:19:38.090   -4665.127628449392            -2039.962117802902            -4699.051545239561            
01 Jan 2024 14:21:11.791   -4154.861977293051            -2450.60834152004             -4973.324561939895            
01 Jan 2024 14:22:45.486   -3601.048719437493            -2835.520552907343            -5195.26590602504             
01 Jan 2024 14:24:19.174   -3009.512192391246            -3190.673677163843            -5362.563680832471            
01 Jan 2024 14:25:52.861   -2386.43092594363             -3512.371346926369            -5473.482133280567            
01 Jan 2024 14:27:26.553   -1738.296491242688            -3797.261397432702            -5526.861906704521            
01 Jan 2024 14:29:00.256   -1071.854055345021            -4042.364709705338            -5522.128375580186            
01 Jan 2024 14:30:33.972   -394.0775596834699            -4245.092816237797            -5459.302054195881            
01 Jan 2024 14:32:07.705   287.9641413672077             -4403.299521093647            -5339.000605463111            
01 Jan 2024 14:33:41.463   967.1563097271967             -4515.290704648058            -5162.428184514935            
01 Jan 2024 14:35:15.250   1636.392002391035             -4579.838640961351            -4931.368208317776            
01 Jan 2024 14:36:49.071   2288.644594850826             -4596.198561494244            -4648.170120332838            
01 Jan 2024 14:38:22.930   2917.031271957723             -4564.120904429514            -4315.734951034447            
01 Jan 2024 14:39:56.827   3514.887840626595             -4483.860888154321            -3937.492243946795            
01 Jan 2024 14:41:30.760   4075.835278469613             -4356.184369360235            -3517.376169391025            
01 Jan 2024 14:43:04.730   4593.863906226998             -4182.365335616802            -3059.782986968859            
01 Jan 2024 14:44:38.729   5063.389888240209             -3964.18349597511             -2569.541483883311            
01 Jan 2024 14:46:12.742   5479.299466756276             -3703.935767622308            -2051.906396368624            
01 Jan 2024 14:47:46.762   5837.105771954807             -3404.371218257268            -1512.404095181687            
01 Jan 2024 14:49:20.764   6132.906621897567             -3068.738965040457            -956.911527329787             
01 Jan 2024 14:50:54.744   6363.568747135321             -2700.630533036494            -391.3738643183219            
01 Jan 2024 14:52:28.703   6526.680834882237             -2303.958269730013            178.2008153045878             
01 Jan 2024 14:54:02.646   6620.551790984353             -1882.919677090892            745.7854235866147             
01 Jan 2024 14:55:36.570   6644.217472251813             -1442.004458469348            1305.328567237763             
01 Jan 2024 14:57:10.476   6597.469972204884             -985.8907790217567            1850.897599403692             
01 Jan 2024 14:58:44.370   6480.843784724446             -519.3968322975779            2376.732739033082             
01 Jan 2024 15:00:18.259   6295.598314868772             -47.43200425551115            2877.299970355989             
01 Jan 2024 15:01:52.146   6043.710040616016             425.0279828467216             3347.318608032655             
01 Jan 2024 15:03:26.033   5727.861872509088             892.9897202080749             3781.817144544405             
01 Jan 2024 15:04:59.911   5351.456244280632             1351.459382174897             4176.161149549353             
01 Jan 2024 15:06:33.786   4918.482724267018             1795.623556852826             4526.216603143146             
01 Jan 2024 15:08:07.666   4433.498237546059             2220.831604323101             4828.31892830911              
01 Jan 2024 15:09:41.559   3901.59356501089              2622.624920850619             5079.293940672039             
01 Jan 2024 15:11:15.452   3328.465337933176             2996.708098122392             5276.455866454659             
01 Jan 2024 15:12:49.343   2720.190926982113             3339.132126305439             5417.730106595619             
01 Jan 2024 15:14:23.238   2083.164935353231             3646.308368600047             5501.64101037843              
01 Jan 2024 15:15:57.130   1424.163876143432             3914.978084064767             5527.304338726605             
01 Jan 2024 15:17:31.011   750.208554802052              4142.296123044441             5494.46704042012              
01 Jan 2024 15:19:04.887   68.37303168633633             4325.892112733149             5403.49392399836              
01 Jan 2024 15:20:38.765   -614.2028453966038            4463.846242500323             5255.343368725757             
01 Jan 2024 15:22:12.650   -1290.344932960161            4554.70009081932              5051.565999767347             
01 Jan 2024 15:23:46.536   -1952.876688628756            4597.4793535239               4794.317955723508             
01 Jan 2024 15:25:20.428   -2594.831970695188            4591.722602084536             4486.296842209089             
01 Jan 2024 15:26:54.328   -3209.4374427197              4537.471812835699             4130.738038300748             
01 Jan 2024 15:28:28.237   -3790.193945119423            4435.277476445606             3731.382740684158             
01 Jan 2024 15:30:02.159   -4330.972671791247            4286.188271107444             3292.419827560524             
01 Jan 2024 15:31:36.095   -4826.024256222287            4091.754406074181             2818.485522027068             
01 Jan 2024 15:33:10.047   -5270.105403817452            3853.994998991947             2314.563186459945             
01 Jan 2024 15:34:44.023   -5658.506586970279            3575.376306719153             1785.942976950961             
01 Jan 2024 15:36:18.027   -5987.081728371406            3258.797897636662             1238.190426903177             
01 Jan 2024 15:37:52.048   -6252.259064431645            2907.630077849153             677.1875619997153             
01 Jan 2024 15:39:26.053   -6451.142829756034            2525.709049151865             109.0788077735004             
01 Jan 2024 15:41:00.030   -6581.650935592584            2117.154347237567             -460.0209619628188            
01 Jan 2024 15:42:33.975   -6642.471513243509            1686.340831462792             -1024.041223554438            
01 Jan 2024 15:44:07.885   -6633.049936516134            1237.859449680103             -1576.998844476742            
01 Jan 2024 15:45:41.762   -6553.579501579131            776.4615317782477             -2113.06329831152             
01 Jan 2024 15:47:15.607   -6404.99296290386             307.0308302110992             -2626.587783968054            
01 Jan 2024 15:48:49.418   -6188.953475541823            -165.4708729299858            -3112.17290575785             
01 Jan 2024 15:50:23.196   -5907.833364335385            -636.0620918264509            -3564.729499404959            
01 Jan 2024 15:51:56.944   -5564.670399078826            -1099.812696774361            -3979.546673794986            
01 Jan 2024 15:53:30.668   -5163.125430833184            -1551.888252346895            -4352.327249215347            
01 Jan 2024 15:55:04.374   -4707.444831214296            -1987.586848695875            -4679.216095999273            
01 Jan 2024 15:56:38.070   -4202.416710520241            -2402.382121691182            -4956.833205395872            
01 Jan 2024 15:58:11.764   -3653.319817823692            -2791.967417808491            -5182.304702832432            
01 Jan 2024 15:59:45.453   -3065.940171570121            -3152.255714068836            -5353.270758649865            
01 Jan 2024 16:01:19.143   -2446.408269427106            -3479.49699471332             -5467.954900478332            
01 Jan 2024 16:02:52.839   -1801.189444036046            -3770.273882882405            -5525.154127082024            
01 Jan 2024 16:04:26.546   -1136.998808579983            -4021.545437887305            -5524.253311354468            
01 Jan 2024 16:06:00.265   -460.795428666156             -4230.655816670584            -5465.233252828828            
01 Jan 2024 16:07:34.002   220.3761473550291             -4395.395187327236            -5348.671653517662            
01 Jan 2024 16:09:07.763   899.411648681193              -4514.001155943543            -5175.732693769349            
01 Jan 2024 16:10:41.554   1569.197872387779             -4585.175658030359            -4948.163999227768            
01 Jan 2024 16:12:15.377   2222.696853669137             -4608.105595611027            -4668.282479969786            
01 Jan 2024 16:13:49.237   2853.024325363458             -4582.474010529791            -4338.951061363427            
01 Jan 2024 16:15:23.136   3453.495506148053             -4508.468393137397            -3963.567238697153            
01 Jan 2024 16:16:57.072   4017.713558169119             -4386.786306709335            -3546.028125933994            
01 Jan 2024 16:18:31.045   4539.631657120925             -4218.636706463959            -3090.702572570252            
01 Jan 2024 16:20:05.043   5013.597711575393             -4005.750955025991            -2602.423487958938            
01 Jan 2024 16:21:39.057   5434.483461600115             -3750.357210969849            -2086.39478395236             
01 Jan 2024 16:23:13.078   5797.743335559716             -3455.153738860699            -1548.130109609016            
01 Jan 2024 16:24:47.079   6099.410114334865             -3123.34811841739             -993.5032661588619            
01 Jan 2024 16:26:21.057   6336.290616679709             -2758.492564587722            -428.4508650010072            
01 Jan 2024 16:27:55.014   6505.913784160376             -2364.456277620165            141.0378400847285             
01 Jan 2024 16:29:28.957   6606.517900500131             -1945.406214184509            708.9391365655729             
01 Jan 2024 16:31:02.882   6637.063949836638             -1505.809855126451            1269.198080356042             
01 Jan 2024 16:32:36.790   6597.268219994124             -1050.333739452624            1815.870251556183             
01 Jan 2024 16:34:10.688   6487.587810024104             -583.7831145432936            2343.190165853619             
01 Jan 2024 16:35:44.578   6309.212563887981             -111.0865987021386            2845.586825063994             
01 Jan 2024 16:37:18.465   6064.050410214363             362.7706175498178             3317.760023940436             
01 Jan 2024 16:38:52.354   5754.703983055807             832.7975182356325             3754.732578017687             
01 Jan 2024 16:40:26.236   5384.504421077286             1293.975449782582             4151.839549469166             
01 Jan 2024 16:42:00.113   4957.385668173752             1741.449637705518             4504.906722876991             
01 Jan 2024 16:43:33.994   4477.846060715417             2170.534098777534             4810.238711125493             
01 Jan 2024 16:45:07.888   3950.916233366728             2576.733578853721             5064.631171425121             
01 Jan 2024 16:46:41.781   3382.243427786214             2955.703412720313             5265.361154650175             
01 Jan 2024 16:47:28.000   3088.805426928544             3131.018820618633             5343.795024337982             
