Starlink_orbit2_4.UTCGregorian   Starlink_orbit2_4.EarthMJ2000Eq.X   Starlink_orbit2_4.EarthMJ2000Eq.Y   Starlink_orbit2_4.EarthMJ2000Eq.Z   
01 Jan 2024 11:59:28.000         6037.095354912398                   2550.669372072194                   -2224.366523320266                  
01 Jan 2024 12:00:28.000         6085.679144139497                   2749.604323781121                   -1817.753152706903                  
01 Jan 2024 12:01:57.255         6109.151203898852                   3023.258160226073                   -1198.81583438462                   
01 Jan 2024 12:03:30.632         6071.05179120547                    3278.504119312644                   -539.0629895991709                  
01 Jan 2024 12:05:04.463         5968.621055494516                   3500.345286698875                   129.5916783528752                   
01 Jan 2024 12:06:38.337         5802.872146377938                   3685.185364370728                   797.1781052773691                   
01 Jan 2024 12:08:12.213         5575.587634334446                   3830.953757114744                   1456.300022941406                   
01 Jan 2024 12:09:46.094         5289.167133026077                   3936.107321866614                   2099.969288553517                   
01 Jan 2024 12:11:19.980         4946.642919367674                   3999.531029522253                   2721.348435140764                   
01 Jan 2024 12:12:53.869         4551.661783325098                   4020.553787921029                   3313.813659705918                   
01 Jan 2024 12:14:27.759         4108.431535484578                   3998.961875600022                   3871.060643506169                   
01 Jan 2024 12:16:01.655         3621.632542950599                   3934.992044581462                   4387.20996199174                    
01 Jan 2024 12:17:35.562         3096.408386984599                   3829.323764786885                   4856.801760925569                   
01 Jan 2024 12:19:09.483         2538.298471252169                   3683.070800458945                   5274.868524481331                   
01 Jan 2024 12:20:43.421         1953.19576316099                    3497.772889640179                   5636.973543806516                   
01 Jan 2024 12:22:17.380         1347.266975121259                   3275.374558592408                   5939.270288336506                   
01 Jan 2024 12:23:51.365         726.8927176796362                   3018.204016252753                   6178.534503707338                   
01 Jan 2024 12:25:25.373         98.65650604262493                   2728.974039410942                   6352.181580515404                   
01 Jan 2024 12:26:59.394         -530.7065056706815                  2410.773423406364                   6458.316730809139                   
01 Jan 2024 12:28:33.401         -1154.35562592328                   2067.063189077622                   6495.789378436007                   
01 Jan 2024 12:30:07.382         -1765.599589919329                  1701.548567154009                   6464.238340353779                   
01 Jan 2024 12:31:41.333         -2357.953558186381                  1318.130272335504                   6364.053996490788                   
01 Jan 2024 12:33:15.253         -2925.155220068918                  920.8848343419373                   6196.353502958531                   
01 Jan 2024 12:34:49.140         -3461.204072535484                  514.0383418634705                   5962.972106886483                   
01 Jan 2024 12:36:22.992         -3960.44613051123                   101.9069335328806                   5666.437572752772                   
01 Jan 2024 12:37:56.808         -4417.630389502879                  -311.1492344090594                  5309.937891174354                   
01 Jan 2024 12:39:30.591         -4827.956416510328                  -720.7676516054764                  4897.287179548003                   
01 Jan 2024 12:41:04.346         -5187.136213967652                  -1122.644696014729                  4432.864492134912                   
01 Jan 2024 12:42:38.076         -5491.408611680699                  -1512.553204692181                  3921.591478378061                   
01 Jan 2024 12:44:11.789         -5737.594734491263                  -1886.406968888365                  3368.854599153763                   
01 Jan 2024 12:45:45.491         -5923.111264091522                  -2240.280778409829                  2780.475281344549                   
01 Jan 2024 12:47:19.185         -6045.998557341377                  -2570.441431217813                  2162.674307703711                   
01 Jan 2024 12:48:52.871         -6104.956661179977                  -2873.397490262345                  1522.002351971629                   
01 Jan 2024 12:50:26.554         -6099.365312582164                  -3145.964838220126                  865.2108980925175                   
01 Jan 2024 12:52:00.244         -6029.273739121007                  -3385.28209317242                   199.20114936901                     
01 Jan 2024 12:53:33.946         -5895.39971247092                   -3588.825843127323                  -469.0139522115984                  
01 Jan 2024 12:55:07.662         -5699.141636954637                  -3754.43239175381                   -1132.345362020817                  
01 Jan 2024 12:56:41.396         -5442.546209323557                  -3880.350247176943                  -1783.797677758388                  
01 Jan 2024 12:58:15.154         -5128.292755677755                  -3965.240226690778                  -2416.491264902971                  
01 Jan 2024 12:59:48.943         -4759.664987686088                  -4008.191028531                     -3023.738446922491                  
01 Jan 2024 13:01:22.765         -4340.519488695427                  -4008.728808260011                  -3599.109881381923                  
01 Jan 2024 13:02:56.624         -3875.253658938743                  -3966.824010076173                  -4136.495122110059                  
01 Jan 2024 13:04:30.518         -3368.77578787305                   -3882.89786057946                   -4630.159448252136                  
01 Jan 2024 13:06:04.450         -2826.420974021404                  -3757.815882976888                  -5074.843908028174                  
01 Jan 2024 13:07:38.416         -2253.927347452555                  -3592.884366342315                  -5465.789783723004                  
01 Jan 2024 13:09:12.413         -1657.368411217057                  -3389.838892838388                  -5798.804199332153                  
01 Jan 2024 13:10:46.426         -1043.150295236071                  -3150.853559819733                  -6070.286130173681                  
01 Jan 2024 13:12:20.445         -417.85205161048                    -2878.492046726651                  -6277.328712440913                  
01 Jan 2024 13:13:54.447         211.7635963390445                   -2575.7159903901                    -6417.724678477911                  
01 Jan 2024 13:15:28.425         838.9758460087662                   -2245.783911647856                  -6490.034483189712                  
01 Jan 2024 13:17:02.380         1457.176408588633                   -1892.198327366003                  -6493.556949073773                  
01 Jan 2024 13:18:36.321         2059.886896394202                   -1518.683672648311                  -6428.300464428477                  
01 Jan 2024 13:20:10.243         2640.731627732444                   -1129.205407081213                  -6294.991310575281                  
01 Jan 2024 13:21:44.147         3193.591121936562                   -727.8794817249304                  -6095.067965593102                  
01 Jan 2024 13:23:18.041         3712.67405852239                    -318.9160475817508                  -5830.645332228175                  
01 Jan 2024 13:24:51.928         4192.519587610639                   93.3849808889468                    -5504.507205997722                  
01 Jan 2024 13:26:25.816         4628.081852521362                   504.699983748095                    -5120.064340109782                  
01 Jan 2024 13:27:59.702         5014.728148998408                   910.6728612501983                   -4681.372658139875                  
01 Jan 2024 13:29:33.580         5348.328844577984                   1306.984522654881                   -4193.090436414624                  
01 Jan 2024 13:31:07.456         5625.352055831592                   1689.458372642011                   -3660.35610989427                   
01 Jan 2024 13:32:41.337         5842.860997706794                   2054.076428559878                   -3088.745900552145                  
01 Jan 2024 13:34:15.232         5998.521989529962                   2396.993856122212                   -2484.249781825957                  
01 Jan 2024 13:35:49.125         6090.618760910524                   2714.502614046565                   -1853.377344663773                  
01 Jan 2024 13:37:23.016         6118.155686675078                   3003.234087966875                   -1202.815575422545                  
01 Jan 2024 13:38:56.912         6080.818716006825                   3260.13397651156                    -539.4348531903648                  
01 Jan 2024 13:40:30.802         5978.994070386784                   3482.443726447006                   129.6416739030709                   
01 Jan 2024 13:42:04.682         5813.775009383039                   3667.798316537937                   797.2623693025516                   
01 Jan 2024 13:43:38.556         5586.917437948833                   3814.251100672356                   1456.367451512489                   
01 Jan 2024 13:45:12.435         5300.805892464212                   3920.267424043883                   2100.020688353869                   
01 Jan 2024 13:46:46.319         4958.471187593543                   3984.722865134098                   2721.381510314232                   
01 Jan 2024 13:48:20.205         4563.561884935556                   4006.936036565738                   3313.822601740469                   
01 Jan 2024 13:49:54.097         4120.254606712057                   3986.679347891561                   3871.078472212811                   
01 Jan 2024 13:51:27.995         3633.249886985518                   3924.172830820147                   4387.236755875932                   
01 Jan 2024 13:53:01.904         3107.691124680524                   3820.079709957182                   4856.838684516766                   
01 Jan 2024 13:54:35.825         2549.143524689587                   3675.502931327383                   5274.899867850822                   
01 Jan 2024 13:56:09.763         1963.48483227369                    3491.960796427965                   5637.00168295286                    
01 Jan 2024 13:57:43.720         1356.898176502563                   3271.383065679006                   5939.291977257371                   
01 Jan 2024 13:59:17.703         735.7759542933231                   3016.082073657176                   6178.547638612227                   
01 Jan 2024 14:00:51.711         106.6768719077924                   2728.736862185435                   6352.195573815736                   
01 Jan 2024 14:02:25.732         -523.629940390772                   2412.426374598844                   6458.331801154274                   
01 Jan 2024 14:03:59.737         -1148.286183965168                  2070.596042151085                   6495.807473418081                   
01 Jan 2024 14:05:33.715         -1760.598899408461                  1706.927133983623                   6464.264795559428                   
01 Jan 2024 14:07:07.663         -2354.07351370823                   1325.300378851779                   6364.095337416008                   
01 Jan 2024 14:08:41.580         -2922.434845716193                  929.7746735332304                   6196.417875662655                   
01 Jan 2024 14:10:15.463         -3459.677846012371                  524.5527947788721                   5963.065804796582                   
01 Jan 2024 14:11:49.311         -3960.13762761609                   113.9319655099638                   5666.564712122723                   
01 Jan 2024 14:13:23.124         -4418.542238826502                  -297.7366254371551                  5310.107711353658                   
01 Jan 2024 14:14:56.903         -4830.084738505569                  -706.1100383016005                  4897.505226711287                   
01 Jan 2024 14:16:30.654         -5190.463396079879                  -1106.896316523635                  4433.137701886551                   
01 Jan 2024 14:18:04.380         -5495.910998279702                  -1495.887608657465                  3921.916342859344                   
01 Jan 2024 14:19:38.090         -5743.230149090681                  -1869.000000795864                  3369.235999301807                   
01 Jan 2024 14:21:11.791         -5929.831835516515                  -2222.327348226847                  2780.899069286713                   
01 Jan 2024 14:22:45.486         -6053.739987777015                  -2552.138724770692                  2163.127486756955                   
01 Jan 2024 14:24:19.174         -6113.640745808895                  -2854.946485290557                  1522.467211084854                   
01 Jan 2024 14:25:52.861         -6108.900057832414                  -3127.56416312508                   865.6737323824236                   
01 Jan 2024 14:27:26.553         -6039.558348407333                  -3367.122444075873                  199.6662952889092                   
01 Jan 2024 14:29:00.256         -5906.328729212706                  -3571.096157100405                  -468.5393360465117                  
01 Jan 2024 14:30:33.972         -5710.602581659642                  -3737.321330510455                  -1131.864377369328                  
01 Jan 2024 14:32:07.705         -5454.423968360295                  -3864.039382629819                  -1783.307753612058                  
01 Jan 2024 14:33:41.463         -5140.465909286607                  -3949.904980337065                  -2415.997605840478                  
01 Jan 2024 14:35:15.250         -4772.008249914979                  -3993.996801882609                  -3023.247547512495                  
01 Jan 2024 14:36:49.071         -4352.904934627129                  -3995.828966800821                  -3598.62893784704                   
01 Jan 2024 14:38:22.930         -3887.551439448489                  -3955.35799561421                   -4136.032255709662                  
01 Jan 2024 14:39:56.827         -3380.841186006784                  -3872.986552398669                  -4629.735788515876                  
01 Jan 2024 14:41:30.760         -2838.123258307896                  -3749.563684878681                  -5074.464162316987                  
01 Jan 2024 14:43:04.730         -2265.138381444594                  -3586.377255426842                  -5465.457816071217                  
01 Jan 2024 14:44:38.729         -1667.974944555443                  -3385.147208625076                  -5798.517131095176                  
01 Jan 2024 14:46:12.742         -1053.052594334815                  -3148.031790771272                  -6070.039897214278                  
01 Jan 2024 14:47:46.762         -426.9330923615858                  -2877.564951864329                  -6277.129736437576                  
01 Jan 2024 14:49:20.764         203.587945946179                    -2576.697954070895                  -6417.570660051242                  
01 Jan 2024 14:50:54.744         831.8047361520553                   -2248.65682293497                   -6489.927735082675                  
01 Jan 2024 14:52:28.703         1451.093317085163                   -1896.925069886186                  -6493.494950345244                  
01 Jan 2024 14:54:02.646         2054.951658328003                   -1525.214009041141                  -6428.278972151115                  
01 Jan 2024 14:55:36.570         2636.99058274494                    -1137.471111176203                  -6295.006718444108                  
01 Jan 2024 14:57:10.476         3191.082494320488                   -737.7910555515637                  -6095.11545922311                   
01 Jan 2024 14:58:44.370         3711.410792204264                   -330.3764147473561                  -5830.726119446525                  
01 Jan 2024 15:00:18.259         4192.518435786459                   80.50205481508344                   -5504.614448339763                  
01 Jan 2024 15:01:52.146         4629.333527337662                   490.5246271417077                   -5120.199807228169                  
01 Jan 2024 15:03:26.033         5017.224950248662                   895.3632593131599                   -4681.523655963965                  
01 Jan 2024 15:04:59.911         5352.03509909863                    1290.695911712657                   -4193.259695316977                  
01 Jan 2024 15:06:33.786         5630.225729190535                   1672.36255699713                    -3660.539606393053                  
01 Jan 2024 15:08:07.666         5848.845783884476                   2036.349947859626                   -3088.945325465597                  
01 Jan 2024 15:09:41.559         6005.550763964439                   2378.818102457882                   -2484.471853605271                  
01 Jan 2024 15:11:15.452         6098.618987698963                   2696.07849649485                    -1853.601119527324                  
01 Jan 2024 15:12:49.343         6127.039258482339                   2984.75313619495                    -1203.04108261812                   
01 Jan 2024 15:14:23.238         6090.489573299073                   3241.788317668462                   -539.6635250227122                  
01 Jan 2024 15:15:57.130         5989.344584929524                   3464.431863066246                   129.4318501249811                   
01 Jan 2024 15:17:31.011         5824.691739601567                   3650.306322047567                   797.0706604604442                   
01 Jan 2024 15:19:04.887         5598.28081018276                    3797.460673781802                   1456.196322366901                   
01 Jan 2024 15:20:38.765         5312.500298201056                   3904.350422997447                   2099.855014554115                   
01 Jan 2024 15:22:12.650         4970.368007154986                   3969.846855173376                   2721.23099130322                    
01 Jan 2024 15:23:46.536         4575.53578245588                    3993.255981857646                   3313.685786230657                   
01 Jan 2024 15:25:20.428         4132.178548318513                   3974.338149222586                   3870.956230183874                   
01 Jan 2024 15:26:54.328         3644.990326168958                   3913.298305862024                   4387.136985587865                   
01 Jan 2024 15:28:28.237         3119.131963949163                   3810.78655881717                    4856.753253502038                   
01 Jan 2024 15:30:02.159         2560.149427544916                   3667.884607605875                   5274.83971370766                    
01 Jan 2024 15:31:36.095         1973.96959103014                    3486.106123940436                   5636.947449116898                   
01 Jan 2024 15:33:10.047         1366.770927791715                   3267.36320244682                    5939.239747967909                   
01 Jan 2024 15:34:44.023         744.936452399416                    3013.944984769357                   6178.50518287786                    
01 Jan 2024 15:36:18.027         115.0165882370828                   2728.503845831017                   6352.175239966634                   
01 Jan 2024 15:37:52.048         -516.2284029017414                  2414.087734474523                   6458.344135821175                   
01 Jan 2024 15:39:26.053         -1141.901290431411                  2074.134078346935                   6495.853420954626                   
01 Jan 2024 15:41:00.030         -1755.293031922439                  1712.307434487217                   6464.345799350812                   
01 Jan 2024 15:42:33.975         -2349.886268431526                  1332.477502144711                   6364.217307296705                   
01 Jan 2024 15:44:07.885         -2919.394286532914                  938.6869361304961                   6196.593268110872                   
01 Jan 2024 15:45:41.762         -3457.824295225894                  535.1047107636641                   5963.302701036479                   
01 Jan 2024 15:47:15.607         -3959.506612136324                  126.0036956127436                   5666.864254546162                   
01 Jan 2024 15:48:49.418         -4419.158544027866                  -284.285361037795                   5310.462840261282                   
01 Jan 2024 15:50:23.196         -4831.946267462122                  -691.4236221690037                  4897.914487139106                   
01 Jan 2024 15:51:56.944         -5193.548917132079                  -1091.125373396611                  4433.606851957963                   
01 Jan 2024 15:53:30.668         -5500.190273263884                  -1479.196595655027                  3922.449803833131                   
01 Jan 2024 15:55:04.374         -5748.664810948558                  -1851.567856896382                  3369.831906985393                   
01 Jan 2024 15:56:38.070         -5936.367843695849                  -2204.33323011504                   2781.568035747262                   
01 Jan 2024 15:58:11.764         -6061.322127901667                  -2533.790625970431                  2163.838780236356                   
01 Jan 2024 15:59:45.453         -6122.193569453241                  -2836.445227500424                  1523.203212147037                   
01 Jan 2024 16:01:19.143         -6118.334288253138                  -3109.112038770784                  866.4118989502057                   
01 Jan 2024 16:02:52.839         -6049.772821073772                  -3348.914852492441                  200.3956927825552                   
01 Jan 2024 16:04:26.546         -5917.213220269996                  -3553.325321272581                  -467.829249852804                   
01 Jan 2024 16:06:00.265         -5722.041804977689                  -3720.172426022171                  -1131.1753461235                    
01 Jan 2024 16:07:34.002         -5466.294863875108                  -3847.69321727493                   -1782.649051694471                  
01 Jan 2024 16:09:07.763         -5152.639521170053                  -3934.53354732149                   -2415.378967117965                  
01 Jan 2024 16:10:41.554         -4784.356227564791                  -3979.760801215412                  -3022.670413363101                  
01 Jan 2024 16:12:15.377         -4365.302376547663                  -3982.87810234039                   -3598.089113349419                  
01 Jan 2024 16:13:49.237         -3899.867317212571                  -3943.829493741219                  -4135.534951663492                  
01 Jan 2024 16:15:23.136         -3392.946197441507                  -3863.00282524726                   -4629.284712275851                  
01 Jan 2024 16:16:57.072         -2849.881600885776                  -3741.228788439553                  -5074.069235823249                  
01 Jan 2024 16:18:31.045         -2276.418685648904                  -3579.776764653962                  -5465.124630539228                  
01 Jan 2024 16:20:05.043         -1678.685860799322                  -3380.359845522993                  -5798.230784125119                  
01 Jan 2024 16:21:39.057         -1063.072103573567                  -3145.105938739922                  -6069.80880400057                   
01 Jan 2024 16:23:13.078         -436.1526662912568                  -2876.53053817152                   -6276.9567970858                    
01 Jan 2024 16:24:47.079         195.2560933872638                   -2577.569872165746                  -6417.455049603689                  
01 Jan 2024 16:26:21.057         824.4386646353578                   -2251.430938116629                  -6489.87083029177                   
01 Jan 2024 16:27:55.014         1444.776158017157                   -1901.569367549381                  -6493.499738895157                  
01 Jan 2024 16:29:28.957         2049.757693962248                   -1531.67447960152                   -6428.345379523945                  
01 Jan 2024 16:31:02.882         2632.981517186512                   -1145.6735834812                    -6295.131136505019                  
01 Jan 2024 16:32:36.790         3188.30296246377                    -747.6448990484929                  -6095.292271436113                  
01 Jan 2024 16:34:10.688         3709.898273563734                   -341.7679740326686                  -5830.943640616149                  
01 Jan 2024 16:35:44.578         4192.276312826128                   67.68671907411102                   -5504.870509201583                  
01 Jan 2024 16:37:18.465         4630.352848266149                   476.4134485188007                   -5120.495832163824                  
01 Jan 2024 16:38:52.354         5019.499707423241                   880.1131682499012                   -4681.846273224645                  
01 Jan 2024 16:40:26.236         5355.541687367653                   1274.474134740186                   -4193.594145316441                  
01 Jan 2024 16:42:00.113         5634.918212723949                   1655.336104985106                   -3660.883295510565                  
01 Jan 2024 16:43:33.994         5854.667046593637                   2018.694208208856                   -3089.29747899298                   
01 Jan 2024 16:45:07.888         6012.434708685653                   2360.718699457369                   -2484.826910017114                  
01 Jan 2024 16:46:41.781         6106.487716892998                   2677.724080246832                   -1853.957015408957                  
01 Jan 2024 16:47:28.000         6129.046032380691                   2823.541030181775                   -1535.750276192656                  
